55139448,44814967
71136019,61953027
10045247,5703889
15911680,8685398
28646561,12183572
8319059,4351814
11297396,5606069
25874950,19476758
20613790,13859431
9279057,3953475
18939377,9802705
9628780,5742849
12318493,6726998
4671435,2218257
16603230,12982597
12348018,4891421
9474013,2148643
4774097,2360023
5513089,2151346
10253208,6905890
59911446,50268041
10323212,4490720
21001303,15782748
103591023,85599144
4048253,1097978
6735633,2531235
8941977,3220560
13562804,8255263
4994741,2397141
12263324,8136914
10342927,2850779
9874741,2166025
19250719,16202633
4152044,1666292
9567586,3479610
10491023,3411977
18089917,15584446
10660435,5548303
16770336,1557147
10576784,6280315
15218819,10529277
18168408,13869274
6673149,1824035
11359693,1884912
3636236,1474158
3331068,1116159
8680279,4189348
8292987,6073240
4064936,1872734
3797623,1683119
3299169,1336698
5331662,3293260
12207275,5108986
4710013,2004940
57174585,41665852
4571848,2151765
6984445,4451257
5652146,2068652
3219979,1161644
4561133,2199015
7114482,4359102
8509945,1936764
4789560,2055422
9294276,1877583
4653569,2321380
6349612,4097428
6209125,2338529
17731341,14146339
10292004,7874517
3235925,1146726
4178677,2039602
5786856,2618331
8874361,5057727
13213190,10778652
8426184,6122798
4465971,2275356
11752741,5828942
23529458,19077292
6185892,3801855
5001500,1781690
7607550,3686619
12562168,10277508
4395600,2129229
9635041,5113648
9507291,5669776
16228110,11121902
12670962,9465496
3868122,1243540
8105465,4850308
15921259,4622508
13796287,11813926
13780239,9334128
10769229,5552845
21592667,19112086
3527171,1476703
9032270,5982339
5535198,1485939
13035443,1275392
9079699,2411236
13954286,9763734
20432051,6311980
10958398,7848067
6663435,1083291
6949567,2199778
11672775,4180858
11971895,6209679
3825477,1556978
8393891,2339581
11963692,6217087
15995640,9707170
3396253,1334441
3711509,1301508
10709653,1917804
3052670,1032978
7117275,5017030
14423002,6833834
11294458,8123917
9910248,5702061
30008301,21859666
3172671,1233568
10606220,8399829
6839393,4728719
23759919,20420365
3502566,912671
8447696,6334380
3804360,1672351
32687955,28057441
3248066,1279413
2766027,949429
7747633,3885431
4882092,2058236
3062269,1031980
25179255,22306305
3583500,1414040
2792151,917543
3018290,914506
2751401,847978
3805205,1570193
2998238,1155406
2939188,999602
14011825,12147578
5336360,1931262
5106991,1815678
7993756,3988836
4063743,1415734
3486153,1327310
13532150,9962303
15878125,13812106
3173862,1215125
20078395,16639070
7592748,2209520
7641650,3114678
6181505,1285730
10045420,4427554
3868477,1450304
10652383,6721667
4092023,1842711
3760871,1788219
14486641,10908531
4619448,1887389
3414548,1454658
24062969,20510564
7774442,3736718
13671897,11325538
9109377,4575829
5757194,3584384
5449984,2317655
16645050,13643175
12498010,7577327
33218481,26619563
3978768,1800569
3584531,1689256
13478209,5581473
15792995,11283130
6833984,4753965
13096810,5541363
3592000,909847
18780501,10354447
16358568,9742675
9480088,3355132
7853148,3577154
12851895,6104309
16933872,4855947
9272772,3712025
7888194,4178000
11691882,5889268
17471080,10565139
3598764,1430346
7918148,1071953
11298691,8028757
17696720,12989597
4354733,2366687
7412702,1336444
7677658,5561379
2734164,1075756
3351642,1652290
17983140,13461720
17702529,11788499
3353008,1249955
52217666,45610598
2973362,1126411
7983145,6102504
3966906,2014282
3685855,1860879
8009671,1765485
8151947,5253509
2921636,1232944
3430117,1465442
2911550,1079246
4258270,1401711
5761010,3834325
9874354,7456802
25533910,21934859
72123900,67133346
3398849,1390345
20766215,18029216
36014665,30508843
30328256,28273559
17354351,15480537
10197947,8211435
9783982,6876615
14829834,11611836
14697505,11847421
2693416,961319
8741352,1666072
19832986,16777591
14985929,12168938
4101847,1677601
3475714,1184203
13250814,7313200
15634694,11819496
13356639,1128896
5663485,2614788
10333750,6907187
50826845,42012847
3195397,1324653
2474493,771898
6582934,4785345
8076405,5924026
17035085,14932598
2933490,1189233
3517623,1515781
3663626,1455542
5866117,2244340
11259385,7485501
4250687,2005228
3085224,1128136
2790760,1088009
5737853,3512697
37136432,31974386
11578654,5478593
15271149,2845135
3247954,1362811
14697398,7936419
3692674,1817340
3220444,1509520
11206700,7857467
24511673,21230725
4982845,1756333
19359827,17006855
8740027,5993858
10822557,7232793
3582678,1819812
4482148,1275291
7195908,3758508
2816367,1142185
2418972,855380
3212991,1333161
3946828,1899662
7410176,5403771
2816148,1102648
4039348,1985120
24072260,19773612
6733025,4070242
9266078,3265603
3530069,1073711
8436859,1152173
6934144,969345
3837532,1848790
4236426,2112367
2684381,972067
3283368,1579635
10240139,8130553
3152186,1267719
11377849,8009678
7137093,1801894
4390153,2491812
5170852,3450653
7559817,4062835
3784150,1934996
2570263,871819
3179235,1403640
10941561,7066820
13625360,4877546
4004226,2063754
2892995,1118479
9527516,5720837
4426926,2437722
25977982,21173635
4821618,2767270
4470153,1594287
13269984,4515634
12026222,9876779
4625115,2747941
6618996,3891403
5665615,1172212
9075893,5351557
14476466,1970102
4210158,2434251
10722023,8078051
5857924,3466808
16025541,11679445
6473887,3601270
5400502,3634055
9643061,4798438
19654420,13296028
3669505,1756108
4680690,1653164
7156308,3505073
12148043,1882338
2653101,1014956
7946919,5715204
2643742,1063227
3298670,1613874
3876924,1938706
2791721,1178982
7332037,5599682
33887299,30011971
3021101,1236763
3684883,1771766
2399347,736579
3236288,1341134
6446066,4239567
3286159,1575585
2587416,1016296
3015754,1356298
5890081,2852715
5854745,2229515
8551002,5946387
8719403,5142912
18786731,16031074
2922893,1047578
2739876,1144728
9126554,3465748
8467805,5718374
16381700,11552908
4334585,2624574
3018018,1039750
6169003,1278506
4255669,1909950
6552664,853211
3711050,941269
2903370,1231018
15442712,8442663
17811236,8389200
7717156,1672277
13016243,10007371
11486023,7765743
17868626,11556261
6651947,1627899
14156687,5358057
16737863,7992692
17003365,7770836
7081314,3289363
8994321,2693359
19820467,16981880
22551020,18223605
4007385,2005069
17772446,15946987
17389586,15183314
24865281,23259469
3090399,1225987
4131373,2274533
3354524,1470699
2684001,1126293
3784824,1426388
4057889,2118521
7553333,910810
4808657,2249895
15050275,13158057
3105380,1100680
7121493,4417369
3130249,1101110
8930086,7207469
2183124,1817130
2527477,1007538
11211668,8370353
5377053,1704863
2952516,2353054
23260059,19678581
2420422,2016404
10874434,8609673
2722759,1153948
10383197,1274705
9453018,6546981
7421303,5243716
2962010,1090313
4058413,1757327
11104854,7117221
7275516,4965881
5908999,4009108
2731647,1145937
9539592,7789565
3024467,1535588
4013016,2222927
2900204,1167961
5904788,2966891
5157294,3460574
3093427,1496996
2893588,1248064
6442969,3071617
3165265,1364327
6046440,4108383
3186069,1374255
3518737,1773567
2672330,1080469
2389024,849562
3180378,1352625
3593608,2198548
4160276,2569420
13236159,11624446
10025833,9574722
27002749,24224060
2751232,1154911
8173401,6457080
4129017,2227280
3006210,1224101
2522468,949230
2932552,1436934
3703722,1218218
4835094,1336542
3713728,1922456
2600710,936893
7521706,5537127
4566827,2029814
3098713,1292769
2701264,1165764
3375481,1408734
17955272,10752369
3108519,1525117
3682171,1926345
18559000,14894676
6412205,5023318
6785619,5140671
3044266,1991608
4649883,2915760
9420798,8263883
11697380,10704911
3550536,1915964
4330437,2117585
7747360,4553626
3582544,1142282
2248931,772341
11529710,2101192
8947342,6223326
5125066,2612604
3676432,1807532
6934316,5710897
4714051,1835750
13164732,10147458
2607424,994739
3132804,1360866
4928293,3070736
31032349,27632693
2575472,834883
9332675,6388593
8947255,5153589
8032209,5217674
18104020,15036618
19858544,17344462
19974637,12396303
4649365,3018907
25287909,14606594
4311718,2390398
2776147,1280457
3091499,1458586
7277292,5644514
3052514,1249116
4894296,3139824
12238465,8944466
34753033,30616303
4398034,2638242
7675729,5831510
7589819,5805285
3874620,2330854
7457699,3665659
6535832,3378659
5629262,3819993
13175574,11360371
18394259,8488325
3117530,1435023
14754095,12256282
2520798,1107365
2334313,908818
3312047,1599062
6866849,3347064
3162487,1339996
3590921,1800401
5725187,2764469
13169653,9227392
13375596,11401983
3253945,1467044
9230006,5078324
26111020,17309613
24752852,20095742
7332919,5292974
6215509,4064587
4238014,2454590
10533999,5313475
11087864,8105474
3647055,1850271
3066747,1468351
8502120,6664371
12036161,10451414
3515341,1798987
7367110,3885857
6042764,3500209
3089080,1541440
2558384,950576
5032557,3072159
7184629,3708254
2936981,1141623
6340266,3609395
3474879,1809630
5113693,3180668
2851929,1134955
3170743,1576685
3473566,1805394
2584461,1061325
3546023,1766312
2622096,1050790
4614523,2904578
13383336,7057623
2706068,1048071
3005542,1414100
7759269,4457453
6639114,1819793
10986607,7492431
2531577,816945
3295207,1213999
10415167,7321833
7132538,4823457
2829764,1312676
3450208,1716748
6979731,4598917
4587819,2883971
9903236,7518266
4377765,1787813
9520931,7575484
2647023,943064
2384841,829604
7561162,5310893
2279048,805518
2339618,815563
2553629,1087851
10339017,8457655
3079282,1554776
22109001,18321961
3735848,1908921
3306634,1836336
7849103,1743948
3432746,1871269
2426773,965300
8741855,4506934
9042985,3308626
8356191,6589997
3169438,1564313
2716578,1164649
6956615,3634748
10986534,2472605
7214206,5305400
8820052,7172845
2767425,1208934
4638747,2662974
4913423,2381331
5075905,2300606
12244899,9944645
3275775,1724866
4610216,2733849
3445618,1850894
12380387,10669411
8405856,5739367
2962220,1059029
5496005,1942370
8641971,3356379
9011093,4181773
2531401,1071999
2456966,939913
6704031,4981203
4589955,2748960
8127683,4808385
6180667,4516853
4516574,3016758
6646955,3738028
12882543,10349385
2418469,1044627
4592453,1500273
2332650,804503
2442857,978637
3407210,1730447
2340493,877566
2552480,1070357
3302186,1645459
2560611,1015968
2850392,1142742
2247837,826079
2712027,1306361
7638130,3029654
6426930,4485766
4265405,2408266
6903588,5091137
2514280,957997
13082532,10556796
4329209,2482067
3576985,1897932
3201148,1730969
6817672,4615766
12888941,9520516
5555529,3499058
4357098,2810480
3458753,1807101
10409547,8352256
6089552,3328309
6137874,4326028
8494624,5563347
13353717,9885194
2483389,942587
2857574,1147877
3930244,2060519
3376056,1675229
2335526,903154
11621816,9097544
3289624,1679094
21339511,18128345
2147445,1825437
2873023,2476395
2187442,1848255
14972024,12514896
10250749,6473642
6764208,5134731
5221482,3672159
4684940,1974283
6592632,4924638
13912485,6931952
3962537,2149260
7369869,3872381
14366715,9097617
3869306,2405871
11323119,9329780
2595819,936665
6096535,3678612
11333767,7597379
14240212,6148739
14477866,12722293
17652623,15636220
16266946,13517263
14998385,12135023
6474897,3970973
8713396,6813117
7890612,4363574
15488307,12983855
7933538,4923902
14036319,12536193
26162868,24290653
24534204,21860786
8135252,7158735
3542507,2494192
2655589,2371514
33769167,27890352
4033729,2512402
11624623,8942781
19499538,15922108
3380648,1726348
2984828,1243133
2346701,860123
3245798,1747222
27319279,16131557
4853092,3006325
3379207,1816787
2531337,1081287
2545470,1088563
2345260,779912
3237668,1608835
2562751,1095866
3152335,1507338
2490370,967763
2188734,770047
2748471,1227862
2912447,1481018
6834325,4034295
10103070,8075438
3023078,1503763
4705664,3151467
5781775,3223332
2504563,1019245
15885263,13409206
2391869,903445
2928932,1301553
2892034,1174160
2220286,1170110
2386550,984888
7637887,5731882
5059511,2035875
13532412,5871115
4143537,2495673
5445077,3110706
6199432,3462559
5052811,3023398
4156812,1563364
4084808,2258953
3348681,1780785
2705537,1071191
19427707,17913575
2860184,1276408
2322327,797706
2448276,922584
2632186,1037829
3111158,1583212
2501782,953919
3473279,1867535
2448001,993010
7198740,5458875
8222071,6203445
3419885,1715668
2287680,781891
2787672,1194634
3218420,1631318
2395217,771286
3568622,1915007
12069926,7417237
11210664,1959736
2309595,805824
30247264,26267236
3231228,1427908
3428977,1826611
4829084,3099498
6364567,4396708
7745249,4270277
6308194,3702688
2388931,805166
3490160,1779353
3002581,1370688
7944427,4289021
8118912,6738941
3111414,2637216
4570093,4149957
3863975,3421531
8540264,8113383
2173890,1542876
2702941,2191328
5338009,1916043
3824413,2243001
15831086,14275417
2041234,1653983
2086382,1737830
2105467,1730909
7692516,6546194
2172315,1833168
5237746,4776433
7016083,6688806
22321126,19195544
3126704,1701890
6297081,2914502
11969683,9854524
2580744,1070520
2540237,1065067
7847922,6070856
2280311,770981
4154707,2457732
4797727,2153335
10557393,5591647
22719359,19297629
2182252,1872349
3171782,2614206
3205334,1162338
3148943,1488461
2346150,919374
2899494,1425806
2789138,1355000
3633197,2128902
6486282,5025025
7054662,5060586
2359663,991202
2161010,738511
2417806,955433
2411171,919487
2685622,1157536
4830041,2979704
2490396,1009009
3524688,2029395
8459108,7521376
5163774,4670192
3152869,2635823
3790397,1974501
3601953,1891857
3186772,1630891
2793064,1188632
5159228,2185770
2783063,1191642
2809508,1258889
4079046,2204124
3109108,1466420
3119483,1203477
11128935,6643288
2957937,1192688
7935346,5744084
3200894,1654466
7986269,2081778
2662654,968925
3863734,769714
6090335,3854816
10196894,8206019
3982718,2117272
7107345,2106602
7567899,1419739
3996394,2237335
14296814,12098404
3770084,1933841
3375790,1779144
5680759,2677910
5046176,3365168
3394445,1762644
4346968,2562121
2248327,765635
2415017,920374
3151048,1644204
3161023,1387623
6293265,4528906
9368939,7660274
4059992,2648027
2352989,808762
5386238,3617096
5237607,2490115
2957014,1376051
3374454,1708270
4503107,2827583
10332956,8173937
3764551,1972100
4910074,3055454
2817698,1201760
8378825,6901776
8337453,7307203
3577625,2092087
7021503,5461221
3204702,1673600
3387641,1702633
5454884,2456361
7584696,5617981
2854548,1368525
2847945,1167040
3042968,1345168
4210759,1535968
9962438,7073301
3590171,1847490
3442707,1765684
3288969,1605800
2884862,1374860
2654604,1182969
2989536,1466921
12835470,10970326
10362914,6211615
3200597,1746207
41426165,36803447
3058670,1316303
3448638,1780721
2741973,1108054
2598986,1072446
3002582,1329516
6729042,2666113
9450295,6476793
3015767,1374011
3196518,1583444
2643627,1083362
12495256,11009662
2134719,1831402
11405892,11020595
5431188,2626139
9174834,6674519
22971721,19853102
3017962,1336563
5564499,3710040
4972822,3162681
4460570,1469164
4971119,3113045
3117902,1518745
2555350,1089858
2443255,975196
13408352,10529247
9497151,3893609
18826146,16334011
13223903,10593086
5608722,3093131
5991061,2777748
11412411,9953338
4125060,2622307
5462232,3696868
5285906,3807784
5530653,3498550
3434537,1096071
3845352,1852037
3962888,2330046
6354045,1913025
13890136,11937704
5959828,4324097
5059659,3495011
13565366,12053724
15346774,14503333
7723531,7417757
3979657,3639281
5652467,5288500
8787992,8453225
1908606,1561047
1927010,1665007
1844334,1551093
3213270,1820220
2753615,1223675
2656130,1191833
2681497,1120087
2521776,875469
4064194,2396946
2395592,828738
2799346,1285656
2514758,1021557
2576510,973998
2691714,1206117
3487282,1742274
3298423,1599537
8437597,6162610
3101244,1519915
9265563,7487706
4944942,3435396
5236118,3018514
3949128,1510934
4577471,2430213
11815073,8036531
3562741,2379504
7371368,6076817
6768648,1642363
2729671,1144949
3962717,2123136
6725221,4400694
6573033,4705987
2298165,858444
2798571,1227246
2548371,1054113
2512558,882576
9953968,7652834
3556855,1829505
2975072,1531300
3798337,1626838
6582619,924675
4983584,3394311
13223657,11747640
2882025,2459628
6691292,6221333
1721772,1447909
2458442,2102434
2384249,2065964
1820753,1484251
1967846,1571841
1953530,1631623
2517822,2102286
4263530,3574146
2412225,1973517
2426360,1986829
2032420,1671253
1928685,1564049
5244607,4333626
3208810,2727011
2610567,2153981
2449972,2084783
5849525,3801634
35777090,26927028
3677564,1777839
7171159,3818095
2459505,966401
2478982,1021923
7694879,4589989
6292070,3640752
4060198,2484713
7355684,5860289
3701209,2126309
5260918,3642318
3875841,2378346
29656570,26398709
11147831,7329138
6715269,4348990
14390545,10793318
15802912,9572396
2689823,1132659
8699298,5586879
13255663,11026053
14895680,977197
3680852,1890961
5964324,3426924
9691524,5152714
6788021,5089052
2665583,1104530
8455823,4639445
2541956,1011172
11054047,8312030
3048085,1326470
6449761,3883585
6943437,4909502
2635615,1159449
5786438,3872028
2820071,1236006
2872187,1262581
2475578,970569
4063516,2304695
3206033,1542618
3786529,1966385
3074685,1454390
2771904,1275836
4119034,2360759
2306347,722761
2263568,713084
17011234,13649761
5077608,4246196
2434691,820542
2594465,1063590
2711669,1065010
5093731,2987176
2935700,1432105
4244118,2631319
6649634,3648795
3157205,1611741
2413576,921431
12813796,11237527
10673741,7916358
16383851,14807673
2334881,905721
4503528,2539412
4755952,3015697
2724699,1291849
2702705,1101794
3136832,1596513
3113592,1531744
7440530,4402373
10953523,9024573
10629622,9063232
3379168,1618773
8044806,2402698
2805456,1260241
2807383,1282392
11335463,7389735
6302551,4074170
18901530,16603979
3312224,1556222
9582772,7852302
12044072,9491310
2151816,1292075
15838135,13588363
3459688,2953974
13594769,12075251
11897879,10121086
13281904,11245363
10139188,7884665
5018578,3413258
3896793,1542528
10363258,8641536
3213709,1648190
3539833,1290735
4226427,1327756
7579876,5229201
14171380,9273744
3831848,2232736
7996205,4356216
2457861,979540
3862919,2213817
3224376,1096484
7516226,5592303
2362000,711309
3653806,2031295
2814105,1178225
5416986,3853560
3706495,2189621
3328612,1564700
6109001,3865784
2482945,985325
8071029,6548399
179211095,132072476
304286453,161591009
21598782,3268692
305692163,165045616
6809512,4202548
6658277,2611578
18609077,6457991
34636765,28924183
6516248,3752742
6732120,4411641
6264055,3842800
7040626,2504661
20487083,16484689
14454793,8303198
3958340,1920887
3806491,1719996
3352397,1265918
8253106,2682387
16948473,12803667
16952860,6891646
72044816,57551662
4347735,1826004
3427040,1363047
56510106,40404765
7719460,4157482
7497286,4837459
6165623,2937606
3642432,1169288
100388599,84893839
3287671,1115267
6721952,4379327
8054626,2002569
3578156,1346007
20475780,17716888
16138665,13634492
22274253,17262542
13056586,9356536
12231751,8811183
6397444,4017178
10862274,4881059
12959759,6701937
6571989,4028078
4731224,2178017
13496959,8610514
75856076,53445491
8708496,6586806
6187901,1254215
6477782,2799947
8506214,4727743
9318769,4439379
3739053,1436981
4295407,2119098
6210272,3589456
8481817,5518733
3559792,1343537
7475903,4732495
2998817,1032088
14234896,1791206
95859387,73559159
2851318,945788
8248835,6007836
41548797,35972821
6398326,1059415
6267164,1907548
10714470,6000149
5048444,2941596
9214806,6416810
4079415,1334495
3355250,1256580
4510962,2147533
3154515,1174560
2776678,880265
64897624,46259096
25947165,15341169
5387071,1772009
14785943,9513619
3526141,1331250
11136456,1532386
3850186,1801838
13012269,11157726
3292723,1166528
2874531,925557
17833331,10307131
4011121,2074081
3408517,1240622
7476861,4804222
5140138,3001367
3241762,1069860
7638177,5247099
12149400,1702585
10280243,2242304
9287722,6303378
10257451,6991018
7865809,1831956
8604277,3716158
15949917,11325624
9732669,4574113
9732860,7066357
4068104,1047011
6780473,1788024
11832658,4645902
7019958,4394649
9698812,6128981
8130210,1775794
12023662,1836707
4855681,1803271
12548511,3882128
10887390,8193497
6732535,1311262
11677647,7419831
13251098,1537566
9202390,4793950
13623118,10069138
10111864,7614630
7721411,4254407
17127868,14946303
14642141,5248877
11175360,5353753
17985966,3592698
53360433,41931907
5058955,2048219
7442075,3740099
10491974,8081087
12357211,5711823
9452349,5086421
2661730,869226
21766601,14383546
2918769,1049493
3424970,1587962
8170967,1487341
2591194,848849
5249421,3130874
9266068,7288162
6556425,4407836
8898084,4950673
5289298,2856835
3092443,1061080
20046772,17903250
2718505,950163
3238793,1417176
3298191,1304754
4238562,1126256
9291591,5948565
6978426,1799476
11366002,7632131
15727493,1901213
4763297,2024444
3445992,1243413
18127785,15317204
8193397,5712838
11535258,7358449
5394105,1112258
4604870,1868797
7411205,1021874
2770854,991239
7314925,2968110
9530783,5358222
16651669,10415119
4462796,1952506
3974554,976397
3440785,1565645
10464977,6744771
7911118,4820187
15763647,5981358
4752404,2252035
6973644,2960003
5904860,4002652
3038904,1157437
18900636,12530101
11610820,7839783
14222802,12151983
6046998,1170661
8153230,3040218
4622854,2259278
4246479,2211575
5808466,3692429
3057592,919707
7495603,5107827
17579988,14250562
2977314,1141095
3247641,1346100
8262713,3197367
12068854,6621856
9280587,4639316
17390454,15012172
23448846,18956267
4509720,1726333
8982057,6712773
4781787,1986554
8308574,5845818
14860451,2014131
17511990,11186434
9170632,5911129
26200041,22321024
2902565,1120720
16552610,13558330
15843745,13664685
14995180,12375670
3865551,1855473
3476235,1154242
11749745,5238739
9280012,6058951
13821741,7495027
5321135,3342312
60794574,53846290
4537896,2521524
7253249,4546091
13397768,9532726
5052802,1863732
7539894,2253287
2673574,1092576
4900095,2894348
7734510,5775015
4489688,2334030
9545486,4868643
9559276,3825947
13692515,7822980
2883208,1104326
2740577,797615
7745885,2063360
2438796,868820
6680458,4672876
10229981,3720631
2710098,1153209
2969243,790964
7259252,5021780
10504930,1050830
14683657,3147132
9134467,3623993
12748619,8839527
3510503,1813759
7962311,5647772
14172382,6984247
18343883,11603034
21563368,13643961
8889665,6232535
31855951,22612249
4227086,2433330
4084070,2106938
2722514,937299
8613524,6267869
4433628,1317668
14155138,5339820
5104217,3265312
5270190,1266751
7594323,4954811
5325202,3271613
2740987,938315
2745433,1131702
3030031,1370902
10419248,8605652
18219155,16627767
29327120,24199664
26374749,20719812
11601736,8994968
56905092,50997132
11398578,1328525
104319925,98844579
6862613,4375357
10435666,6741826
2795630,1049496
7321223,5557994
2890646,1309537
3472736,1726528
7526137,3622437
6330029,3669365
5366109,1883255
12098426,9214757
8790786,1416740
7746267,4453190
15092979,7464038
11415861,9793183
3001165,1141214
17755204,12299729
16484647,14316269
13584236,9632968
6206661,3337435
4947869,1787747
2881945,1351705
6499991,3739891
2441734,879494
34320325,30505042
8294965,4871998
26197991,17430136
3182884,1431552
12133572,6972921
2856323,1114063
12153593,4539149
3536864,1180939
4095173,2081984
7057899,5265444
15334636,10773394
13425118,9852840
2834977,1125824
2789672,1094319
43082199,30446599
3679204,1726024
9301042,5540207
4312435,800146
10623652,6883083
3696132,1803142
4289150,2548947
4975451,2988256
9378868,2889865
12564101,7450495
16671129,13833089
3814540,1903551
8877447,5039318
4749929,2886927
3747671,1343052
3590358,1681288
3823331,1952514
3716714,1950366
8924281,6201544
10302212,8575095
2994217,2473167
3329100,2610981
14444261,13863981
3761579,2026350
3190247,1473926
3901373,2007567
3587111,1763737
2628459,1084061
4576772,1552378
7558743,4734301
2450374,764418
3162355,1312423
5462078,3228549
2415956,853269
5994539,3400297
4705011,2246629
4662112,1166447
13800763,11449748
3368240,1598974
2731844,1120394
4713808,924741
2592154,1007308
3176185,1329230
4809948,1986766
11712805,5976221
12336648,10772043
3354092,1658835
8449145,4953263
2807847,1013505
2982032,1121025
4610995,2763432
5789724,1212473
9945795,6609525
2574563,1019719
48428317,43406889
2772325,984856
4805340,2063759
9849765,7495298
12851189,7639476
16479148,8474386
3587705,1871265
14812472,9090888
6914827,1185133
3079071,1488869
8129029,1365668
11840784,9854745
25007216,22072971
5401540,3263856
2891352,1177145
4452005,2487016
2434496,807553
5772100,2837220
6199052,1702262
4337615,1509905
7123713,3878013
2445115,887877
2994120,1477328
2653006,1059102
6445090,4618282
2633444,852335
7417183,1060120
9857109,8169611
2590394,1097014
4014348,2102383
8584731,6944986
2918088,2088399
5046113,3925664
8133370,5003682
18547609,13604503
3842853,1745196
37884881,28076641
16800593,13390487
24671857,22921376
21699484,17297825
25352624,22803150
2866057,1192343
2723482,998402
2816027,1166156
10088469,7957326
14201920,9128659
14722912,10533288
17941939,4843245
2553004,1625999
6192843,3436172
8789412,7058885
9858210,4402032
6967814,2953420
24700289,21193089
5746071,2574872
5746420,3108786
11587408,9875151
7804230,5060908
13610185,9449839
16208216,14825953
34468684,30119872
2600063,1051586
6414195,4585433
9676864,3777406
2480927,937614
7531423,2116743
3336352,1540394
7310140,4972006
6993746,4722570
3446881,1268411
3265163,1700221
2685269,963174
4258912,2392380
5755127,4072234
11379427,7024250
3000880,1463286
16053663,12501216
8739798,5836172
8688456,6563014
2954008,1262552
4087077,1587400
5986339,3820368
11682841,9856576
4057957,2157171
13548971,11292409
5537104,2858730
2839908,1123728
6828572,4396240
2917600,1309717
3549929,1924845
3693149,1948287
13744451,12048776
3417651,1747437
6604927,3402608
11767474,7629077
2927833,1146045
20247173,17733158
2734894,1146541
3199375,1529045
2883526,1195513
3733584,1942825
20985390,18601587
26287429,21626820
11303656,6555289
8404593,4148846
46314181,38749985
51280493,47728369
4704820,2846350
2688271,1029732
7868595,5628184
2918268,1152111
11554858,1506078
16919252,13622781
3194510,1203251
2831912,962298
3843199,2038353
2922485,1452981
4856770,1484639
4929963,3011996
8266095,5729211
8633987,2005040
6099290,3888533
13699083,10194445
3141530,1498020
2555052,954277
10060232,8089487
6056196,4328890
2720831,1109603
13019138,11263440
13063026,11215423
4580532,2084692
2733805,1163636
3148658,1406024
5074482,3106035
7218951,3993575
11511996,6131655
4818845,2543235
8865050,6272296
3648200,1631485
4833852,2868052
2545971,918967
2717516,1094629
3718241,1835190
3504255,1716417
12548396,10839817
4116804,1278302
4293952,2488601
3735029,1872987
3226366,1634738
2415472,907851
2935752,1127154
4322534,2345487
21722825,18437127
15557656,13078073
6673901,3902831
3617457,1154407
16390620,13433944
20042338,16391816
2505305,871623
6158017,4343417
3152588,1677361
4706138,1919622
11460345,1058834
16394138,12090062
2914272,1117682
2617480,1054451
4593100,1527803
8841126,3642593
20765021,18243280
16181571,13878038
2918684,1287466
4289966,2484195
10658937,8255060
4728611,3013629
9669733,6296649
7008378,2427140
7734723,2960428
14642118,9716443
3080592,1323842
6602717,3282395
5559654,3883491
11050821,5703909
2550503,991172
8992000,1754482
11241036,9640269
3092531,2579871
7191786,6800428
2925064,2454533
2796255,2349313
3576216,3044459
6801924,6459160
16230233,15731460
10236557,6074297
5858854,3218306
4720102,2798732
3176563,1343419
2404181,882955
10516699,8191756
8389666,6096925
4307781,3442809
16170914,14151077
2989471,1346452
9207006,5888288
3300646,1418239
6344738,3627886
15468778,9903368
14617652,10216507
20401499,13055180
14707367,9834446
42247412,38654933
11390766,9192851
21005715,18547376
4160415,2149079
2488399,932578
7214301,1811559
9395353,6139312
3383794,1665667
4377530,2413872
2551441,993102
2325627,764111
6778422,4019640
8492457,3790212
29267619,26972287
47701319,44165965
5940509,3899719
3433066,1638095
16484591,7893845
15719658,10512310
9611636,7647642
2822282,1090978
6158975,4126181
4562984,2713258
4097996,2382224
11753384,9871308
8782364,5125336
2675397,1128107
6715105,1698097
2871266,1143367
3314421,1799930
9765569,3329344
11670198,9360521
2672056,1003890
7965435,4788694
2887900,1058062
2796878,1091627
3149923,1477241
7555567,4289285
2717105,948735
3872111,2010668
3468969,1699284
3253324,1561779
9576047,6542891
8568806,3950363
2786532,1090947
3878765,1941063
20602284,12611962
3579811,1683193
3400514,1312999
5849976,1020904
2432942,895224
2866181,1115378
2410901,881177
2530619,1002426
2400266,738834
2655782,1073277
6725008,5172079
2311307,847110
4907950,1671717
5977471,4001608
2515417,884252
2605806,1099955
4097829,2392744
3157546,1521165
7710724,4092787
7102869,5038089
3497810,1791656
2926346,1364403
8561875,6631372
3557903,1898587
4201532,2456594
6285398,2196766
2634362,1074139
2920113,1362085
2846251,1297639
3350423,1692825
3207454,1409909
4538361,1766366
12963138,1234786
10329437,4977535
4024477,1561613
19800569,15040780
3476547,1582618
2457577,775574
5203911,2705144
7476480,3325888
18278172,15901139
12850046,10949071
28470704,22717835
3346127,1626344
2693074,980313
8511572,6827656
13506476,9929774
14589119,12066492
4018840,2333006
2994172,1491247
3149066,1398715
9662214,7319958
2532413,927080
6092071,3676202
5965231,3266098
2666897,1095741
9886995,7894529
14932175,12784876
2639975,999254
5572632,2636635
5051639,3227729
3193177,1674317
10237362,4714464
13506263,10598454
17903015,10263398
13947684,8333775
15259910,12150028
4449278,2445323
7685723,4673175
11552685,5992762
15286852,6361043
23919173,18982653
30085210,26095426
49751037,46065772
5322117,3507693
19166922,17712706
8038221,2077410
13846958,11920760
17845116,15369901
2466112,874402
3703538,1883216
2553185,961455
3604019,1926166
8049981,4474866
10125250,3382407
3884012,2039765
3095021,1264942
2726183,1077003
8063944,6253238
5215561,2556393
10423908,5438500
14891264,8277792
2817181,1095337
2481187,919874
11430692,7420205
10103194,7388108
24614220,22240874
2798675,1079216
4231717,2566802
40553461,37288791
5942288,4204779
3461142,1185499
10553462,7812247
23378186,21226391
9081074,7391993
7176784,4605220
2528593,901943
12154940,7826543
12084106,10309077
17556212,9157978
15370235,11918687
2892942,1316538
3003419,1419358
2984157,1415739
7114761,5380737
15053569,11924701
8607065,4585515
11098836,7656583
3421718,1787598
2681175,1044820
6035471,3259604
9750948,8084335
12975143,3180810
4054810,2356540
3648509,2019255
5786676,3884065
3414365,2680466
5263102,4982063
2784746,2356937
17495521,16598721
2135326,1858776
2134250,1849671
2122684,1816977
2792354,2523021
11793732,10511141
2695901,2279196
22019007,20474500
41322445,39286824
5766415,5454254
6705502,5736059
3180149,1520701
6265378,3820821
9401259,6819220
6801159,2939722
15375002,12993349
3475260,1745510
3254959,1576222
3156483,1578758
4284683,2595149
9371689,6371643
11510642,6563637
3363710,1687616
2903542,1224653
3226749,1504147
2772586,1187539
2435078,826379
4277034,2440210
2438035,868829
2710587,1113777
2967946,1354398
3378735,1851418
3853976,2203725
7064163,5215198
13141155,11394456
3175353,1580912
3222586,1532220
4237627,2721125
9451840,6185870
2571663,1067219
3529989,1895054
2758720,1188841
4007199,2323878
2881953,1212753
2757786,1327268
8891909,6060362
3316628,1643482
2893962,1372492
2741830,1226603
13181113,8627189
11344347,9742342
4016335,1835254
18050674,7989960
4140556,2051505
3010880,1405660
4810020,3261845
16528097,14385255
5374312,2810345
16694435,10115038
2802221,1263120
2574998,1119021
2613469,1172617
6517417,4921808
5069909,2635710
4534230,2972573
3153154,1863768
2413399,983580
2613042,1131353
6553743,5023720
3033657,1464662
2402229,957982
3363292,1788888
3334428,1665017
12593249,7471236
12523181,8216674
19026612,15570952
4425654,1434077
22257556,19530733
11334118,9802719
5417194,2823032
19504434,17539260
19757692,13593831
42552578,40246671
54468137,52267391
51780326,49170842
2581301,1034136
27944888,24988892
13878879,12187229
11271082,9559857
11314593,9268099
18457271,16507706
15295380,14139239
3271921,1746581
3664069,1965527
6686552,3648322
2762767,1244241
9859285,8348423
6165817,4630673
9556266,7861047
3164023,1697318
6215427,4305287
3391485,1695467
2379291,913102
2843957,1360838
6352087,4599137
3749785,1925739
2954130,1488771
2540119,1018586
4057158,2368012
2626788,1183973
4634441,2325140
4119329,2551012
3075784,1545090
34113839,30291161
2297250,875573
2924188,1234710
3465479,1813556
5261098,3286945
4976695,2268729
5263273,3225273
4295474,1674532
2232495,792264
2996021,1250037
2531193,1081345
6431001,4832670
5884531,4433061
23087112,7870406
2647575,1109844
2617892,998834
2177253,751666
13003361,11466781
3895999,3619745
5324966,4805760
14934858,14650582
3631401,2144113
2742745,1195307
2288859,798259
6267787,1351537
3211715,1737045
7297586,5763580
19267855,8575753
2891792,1314204
2546034,1032533
6018390,4008456
3034512,1395171
5759048,3074452
2795320,2431550
6017383,4323436
29105852,26069833
2541871,1015763
3753785,2182127
5759930,3285296
3502501,2453156
3568611,1988170
7149714,4598950
2330559,897735
2799752,1302149
2092302,721285
2599396,1115869
2535902,1019645
3369302,1835377
5890630,2214518
4738804,2292990
3375894,1724880
3990058,2366527
2713243,1060323
3342931,1743704
2604115,1111170
2624195,1103303
2910292,1389862
10803553,8688424
3345624,1735074
2295834,865108
2800477,1336471
2368489,928680
6939865,5165855
4778316,3204040
2543874,1023648
6617034,5389249
3751032,2423563
8471160,6548282
2558721,1042398
3181347,1633298
2427336,916646
5590298,3872329
6387968,2732945
2587921,1108380
4554686,2837647
5494107,3548418
5613454,3016619
3229346,1687064
2370111,907677
2150396,775524
6031440,3134191
2213501,817941
9790467,7932256
2353512,913281
2464415,1013637
3334582,1813846
2227211,795770
6195401,4674305
2548649,1144634
6473509,4664578
3032977,1651885
3339622,1750146
2555510,935646
3213711,1633828
5898762,2951769
9689897,8183819
2481364,993553
3544131,1867170
3846086,2164440
10801134,9157723
13097148,11392350
29879395,28115166
28132801,26105853
23031181,20714378
4878733,1851554
35727291,30882232
2506273,1068889
3668959,1978751
7463405,4021354
10174665,6916166
2613265,1024288
8737440,6435578
2633245,1144562
6361241,3310186
5530098,3936888
5527749,3977495
4551664,1338051
2519216,997715
6572228,4718583
2487966,1066815
6336053,4816214
2350177,888985
3034280,1550163
35391111,20377590
14777542,13296066
3772965,2186347
10705788,6808927
2038830,1760780
10881854,10042042
1859778,1562696
4569169,4269357
2653966,2302792
1969901,1701985
2314071,2042304
4292220,4030480
2267264,1864405
2078463,1781723
4667327,4347058
2263736,1861999
2777315,2351141
6607095,6144084
2054918,1771231
2396121,2132211
4350846,4092241
11705279,4055036
13799095,11863012
11773053,10368926
2620627,1104605
2476573,866998
2874388,1329303
4663579,2945630
2485559,947728
2522064,1016056
2488414,1015695
2372599,893634
2356987,810143
2867860,1229535
5953885,3230809
3305288,1660262
2987335,1324643
5944374,3835419
3694195,2128911
3296521,1660653
3510012,1851401
5027254,2501294
8408262,6588310
11154506,9104719
18754260,16324860
3784919,2359267
3339171,1706556
7736552,5226322
7226200,3041059
5631436,2519171
3006586,1406785
6169956,3324356
3972820,2103053
2630517,1047009
3038983,1458245
6795588,3555922
2970732,1353811
2382902,836601
5061692,1718586
8154235,5012846
3098265,1449031
6330846,3418034
2815454,1216685
9242042,7630505
3448819,1867388
12318801,8688980
3104001,1342643
6340878,4139725
5131048,3169208
3306889,1590637
2485820,939193
5780500,3859764
2569040,913986
3448243,1791949
3750202,1925528
3626734,1897401
5590669,3059944
12837196,4830661
2884639,1442346
15210214,5826016
42434325,37646607
2655739,1055790
8198716,3586756
6451593,2938025
7058036,5203498
2721082,1238749
2496447,945769
3083764,1507276
8452774,6954542
5064183,3586016
6449108,4948945
12542829,9928667
24081570,21389288
34688779,31706084
3220412,2812117
1984691,1709578
1979438,1696229
2831465,2502439
5411166,5067691
2042019,1773251
2204304,1814196
3247459,2859798
2102139,1818913
2783706,2392054
2323093,2052771
2479932,2189904
9273849,8228555
8843790,7466885
5622997,4194524
10119190,4505763
8803656,7274026
10892455,9179252
12450206,11523383
11960776,11593407
16881921,15117899
3328101,1771790
5776770,4260367
3609133,2060018
2368838,789249
5627631,3133731
4852051,3244089
7795130,2886262
5133130,3650472
10601194,9047301
2885106,1367347
3128958,1644867
2480611,1014315
2752252,1191098
3204659,1738526
6696215,4986349
4645334,2367304
7289622,4191292
2214715,822412
3652767,1897084
12181149,6404018
17333570,12159445
12699437,7553838
4510722,3034315
22618285,18239149
2161333,1833375
2710355,2399587
2818812,2417852
3453313,3176389
5408765,5038647
7326178,7041855
2434773,2160757
2622586,2238608
4214178,3038691
6081615,4461048
11525394,11094770
4194918,2658835
6114191,4490372
8407146,7392199
1927369,1584159
6228973,5797790
8906309,8553287
8775969,8438118
15057713,14361303
2064899,1762236
2731827,2296562
5825849,5549452
4178192,3910445
7660706,7372173
10873688,10470089
2867918,2426577
1974987,1648673
4342652,3188743
8491784,7743675
18484955,17084139
3217855,883291
2549873,1082975
24305898,21077783
2536227,1077739
2662527,1248957
6790083,5118858
3543815,2083951
13472595,10849553
2309153,886000
7180738,2309022
2575795,1112693
6492184,3320666
6552800,4327023
8003833,4581207
3222608,1456195
7189313,3556277
5910504,3295003
3051309,1518087
9648022,1931145
11522106,8778452
3150496,1458512
5979564,3358763
9346852,7786814
8292850,5907532
9470072,6141282
5203750,3654888
2800414,1166330
6683110,5024907
3982131,2461475
4860723,3248804
9407728,7701086
5319495,3803812
13192386,11319535
4069989,3571274
13513660,12455287
2536453,2061476
2939556,2477197
2116058,1803640
8585949,8246696
4646812,2983957
8377060,7389258
2304378,1944017
8736809,7702101
3702951,1817504
7139394,5336304
1798078,1441797
2452258,972437
2396135,875691
2764684,1242690
3767088,2007760
2769268,1754449
3418219,1674100
4148029,2397615
10129536,7286778
2842102,1128428
2815581,1236527
2650396,1061189
6059202,1000915
3176426,1417661
9440235,7319434
2254617,1882813
2921539,2467297
2131888,1784193
3182111,1654392
2608245,1105517
3342914,1847610
2314947,804213
3178584,1644339
5259840,3691870
4781046,2649460
2355616,871225
2444360,997724
3202827,1634506
2768582,1151743
10798433,8988283
14811036,12804585
7616549,3853223
6845318,4468399
3259240,1786350
43390810,39681216
3189756,1499548
6424395,3483387
2661944,1040172
3193467,1666345
3127341,1551558
5844843,2955696
3721642,1977696
2588233,1061421
2599326,1098209
10934186,8971922
2965876,1320992
3479649,1758253
10205865,7641389
8522072,4177623
5908212,2101154
43021469,40098128
2840674,900987
3120360,1364786
2753555,1039640
3674083,1916914
6948954,4904980
3370158,1920627
10495770,1890980
3218680,1658830
2347391,882547
5865696,3674166
9170287,3218299
16382358,13488190
4238159,3825285
17769046,15416940
8050155,7723019
2586336,2248740
3676359,3331113
5913168,5554221
1927707,1641579
7485621,6625851
1766880,1447702
9848175,9574499
2442751,2160825
1810106,1549256
4832152,4495014
2088127,1815903
5298751,4947385
2296514,2028709
2228564,1922366
11019511,9894304
6213728,5259502
9538280,6541194
15145369,10310293
6517320,4692938
45998038,34805130
9806232,8283116
8263168,5627610
6156504,1185531
3596322,2061490
2938621,1517544
16684848,15164631
3446220,1871654
6887636,3867255
3443659,1748107
8513363,6828297
2790000,784573
2283181,792406
2578965,1114773
3394953,1758990
2482358,938731
3574288,2032023
5016574,2643893
2402748,983489
6573844,5226341
3512249,1738448
3327137,1723287
3812989,2273236
3626388,2068907
11916942,8325091
4002726,2236176
2822315,1411560
2784027,1355870
3213722,1676500
7193923,2585880
9410689,7031054
3512280,1874261
2402273,858936
2372657,913780
4897305,3246676
5482074,3771554
2915529,1428777
5927301,3099650
3103343,1597709
3027764,1455846
3440765,1841588
6943997,4776379
3837181,2337866
9618967,6690807
2894975,1401078
2847106,1388560
5506686,3355803
6917764,4098765
5628676,2536594
9094112,4741829
5509527,3128162
2286175,838497
7130357,3330970
11049376,7680170
7640530,3289658
10511824,6723141
17868722,16212385
2345368,890239
3201814,1592120
5068025,2523438
7040321,5290497
2433191,2094482
5012937,4710325
1775451,1456273
2197810,1799711
10945442,9180108
12203596,10181316
9104031,6180370
5684570,4170676
6822258,2719607
2359300,834140
3533004,2053770
2913455,2624417
4774281,4411481
1897603,1636403
27922300,24836808
2456368,2203000
2273691,1939102
2459661,2126022
3063654,2649055
5439294,5164119
22138012,21450702
22981600,21046104
2670799,2392199
7942963,7058255
9509153,9104674
2479015,2152464
2069673,1826512
2012365,1726069
2882006,2560118
3074005,2781526
2774625,2412587
2292360,1992956
4251969,3546181
2901049,2496190
2626353,2228552
2243515,1954536
6104550,4578303
5779043,4587284
13685111,11979736
2762313,1201752
4015463,2632781
2669264,1272085
6665000,5008844
4528048,2907168
2220483,837337
2456410,1033803
2678307,1274490
2581617,1086376
2410623,1003871
3385667,1844418
2959470,1488431
2452415,996193
2603545,1093210
2432718,891107
2641792,1132798
2051602,704027
3869590,1595902
6227127,1182604
8397734,5849868
6864757,5179336
8885729,4741046
3345355,1608571
4902210,2846007
10592121,7358198
3054285,2284129
15446727,15180465
12426616,11914516
19148451,18394605
2102756,1866372
4043545,3757752
2600999,2301166
1823972,1601975
11051771,10688357
22396379,18558419
3033365,1456199
2373097,871661
7803701,6158698
3411246,1862820
2237176,812286
9269408,6108783
3335583,1833051
2942675,1461482
19373761,16940656
2685466,2307834
2765796,2398018
3754608,3421963
6179057,5859973
2301272,2036297
3002558,2579903
2535102,2218060
3654330,3283471
7406566,7074651
10022776,9467625
13066823,12782784
4860267,4555850
9804335,9340146
4096407,2570993
8574250,4418935
5984375,3252351
10308786,8403333
2733990,1266936
2697386,1116291
3110507,1383567
6245683,3109566
8735130,6866201
3221455,1668281
2559651,1077673
2575971,1075740
3415723,1870154
3061501,1579660
5006546,3076311
4948344,2335541
4566130,2818270
5258738,2805305
2403765,875179
4650395,2929574
3156612,2185378
6213699,5362196
2185154,1875116
2020651,1746730
8660131,8126443
3254546,1623979
5451575,3614766
2854351,1292880
6457953,4649855
10289368,3022672
12133537,6042295
19129158,13913938
3642777,3240832
28283977,19899820
2449749,2115306
1988516,1759038
4915151,4563353
2328356,2074676
1804430,1548400
1695981,1440080
2123808,1813859
10782823,9956213
13287517,10938263
2376702,847014
5981256,1388180
4630725,2876345
2606473,1135345
3515990,1833321
6817283,3662463
9243188,5817427
4710376,1459048
34250913,31525353
3180341,1595710
3286994,1987948
2350174,791670
2242843,769168
2526168,1057066
3265823,1600350
2484102,983330
3424716,1742199
4035543,2297531
6304570,4247824
3262521,1799158
9699081,7878794
9725279,6771329
3206427,1604561
10847917,7582259
2828102,1260342
4858112,3383040
3735889,1438041
2165584,765396
26089450,20154791
2649921,1113452
4474354,2968117
7870043,6037079
3561494,1848194
3038380,1505246
3273031,1650935
2800462,1289529
3391112,1743121
6664577,3377330
5367727,3431736
3607660,1661730
9655496,8006107
7673408,5018134
2912634,1300617
3179011,1623188
3259397,1504830
9733501,5167801
12240067,6230371
15245509,9318731
12028712,10428257
3339944,1771539
3911609,2151839
2734005,1135696
2911306,1406440
6239917,3282908
2764273,1217736
2992381,1426239
6623633,3946637
6439227,4723196
12371792,10497845
18755322,10858981
23595439,18752836
14504646,11523835
3094654,1571431
3555215,1861908
4004223,2164449
4941064,2863758
4651626,3146001
7410561,3727592
33385105,30757983
4430726,2742811
3326823,1625252
2570165,1106816
2516112,1024912
6955342,5337227
12802622,5506129
9875068,8166610
3315696,1644022
3406832,1790326
2510802,1087065
2826551,1391344
2469029,935035
5949583,1174958
3244041,1678821
2755824,1271717
2506584,1079152
3370230,1825506
8918526,6901487
3335127,2198140
3261776,2900227
2886213,2569592
5080509,4780891
6902788,5933239
18447260,18179102
