3817186,1948229
2615929,1053935
3740907,1845510
3331446,1704845
2815058,1118677
3791156,1934014
3007286,1352450
6226684,2744393
3029156,1269501
3226532,1431439
2940568,1324175
3630733,1968689
3962136,2263088
2989040,1348607
4148537,2272370
2733160,1088363
3131235,1518260
3824711,2027443
2857885,1212928
25426075,22405217
11606365,9005085
3862217,1869007
2886621,1213961
3544871,1803297
2741537,1049880
7015429,4933268
2683723,1123154
2805296,1262959
3393688,1661863
2820181,1201215
2554970,965245
3489945,1846038
3112541,1468793
3035049,1457422
2970443,1302326
2957081,1342203
5521761,1178729
3349867,1531107
3486473,1718753
2444531,944864
2314600,925389
2603063,969348
4213109,2522531
2641731,1112869
3955653,1397260
3479975,1720266
5012683,1235055
3922008,2057949
3810158,2002670
4920747,3129122
3170324,1553940
3445495,1793585
3639575,2014747
2485654,1899642
2228033,1645163
3966949,2964438
2697414,2301593
2413499,1924613
2650921,2156775
2557634,2047246
5392351,4411336
2796923,1208858
2609409,1058659
9498916,7214805
3023143,2604276
9542447,9054282
3452923,1750719
4442969,2602467
3396148,1801541
9475362,7194031
3035826,2091565
27380620,19084798
3388147,1601879
6215651,1349294
23551655,20664161
4288124,2636336
3008328,1271572
4429018,2864151
3957181,2048809
3657344,1871755
6554272,4963772
3674860,1879081
4136819,2379934
3242669,1322364
2508619,949245
3334780,1732923
3104251,1561745
2780187,1126324
2675263,1089081
2793763,1117955
2647134,1096863
2902232,1226175
8649566,7552633
3524317,2956273
2938781,2427686
3018690,2506161
3084322,2708477
4581171,3955944
2526509,2159344
2247921,1935663
2959326,2547864
2513547,1950327
3425418,2906907
3221065,2675372
20095283,14961789
2325068,1902430
3377773,2820502
3447059,2838487
3355987,2808853
3170206,2648577
3112265,2746252
9161497,7981045
2978310,1253056
3993513,2116605
3018946,1307157
2569790,962687
3846720,2115008
2727677,1167001
2922817,1333534
3682610,2001210
3344380,1728006
2942486,1349134
3149541,1419235
28193159,24868428
4453531,2594255
3030922,1318872
3032252,1379298
3536264,1720618
3638575,2045043
3072884,1370477
3945739,2334157
2737490,1120398
2346217,840396
2655778,1064594
3650191,2028651
4911102,3040320
2634270,982634
2964788,1323443
3612111,1880558
2754527,1091466
3524485,1839728
2882540,1206637
3083456,1359529
2761537,1103598
2799925,1133970
2806449,1235231
4028859,2241341
2965550,1251885
3712279,1931202
2584616,1274442
3027614,2519140
23881715,16256240
3906806,2032081
2704743,1085765
3733394,1982351
6401208,3913741
2912982,1152206
3662062,1949524
3230266,1298451
2575385,982583
6115452,4033293
3636278,1834652
3924825,2141516
2838443,1277258
2917303,1272183
2793857,1212378
2754256,1206715
4085283,1317370
3418415,1696626
8800091,7065015
8523801,8104887
4582458,3841669
2729244,2191813
8597897,7705538
2956275,2078786
3552431,2696581
2216280,1777217
3495277,3063075
2931441,1341390
2579832,1087010
2894846,1332957
4456759,2940419
3081803,1460850
5558400,3710026
2977033,1205420
3105728,1338091
3562699,1807608
2953905,1314847
3225492,1594569
3996824,2095865
3927097,2093012
3752744,1968797
2695104,1098515
2710246,1185683
3582493,1903900
3400100,1863574
3943415,2168678
7187407,5317135
7235849,5315792
2870602,1177911
2569546,1055454
2631167,1073226
3200147,1499545
2556159,1069899
3667380,1958527
3466160,1807822
2761351,1136957
2846195,1173905
2692861,1134912
3604127,1961104
3044897,1308731
2942797,1194802
2934657,1371941
3450978,2907741
3164470,2710156
3184487,2731116
3002551,2615905
3226237,2357833
3219216,1427011
5207708,3593593
3292808,1493942
2464973,938238
3233634,1639906
4452477,2582187
8465394,6362088
3332498,1578747
2584897,963792
2437588,959305
3726515,2005941
4339351,2567704
26099621,22421360
3670135,1852661
3741581,1895243
5876211,3855408
3644604,1749453
3665961,1912805
3699963,1941465
3535693,1826098
4076906,2349686
2768358,1212346
3231719,1652369
3878930,2475645
3891573,1917915
2954543,1321931
8650479,6279880
2662533,2251517
6356612,5737234
3639793,1932251
4273094,3658625
2115346,1733192
2145800,1785338
2374276,1955752
2508314,2034764
4429850,4001829
4767408,2847109
8111628,5938671
3780882,2082116
3841673,2064636
3414425,1759286
6600236,5068449
3381922,1769282
2984502,1349969
2732767,1077238
3162356,1627991
2855211,1308792
3694461,2015529
2894844,1216826
2716512,1151898
6192465,4284248
2684053,2293549
2379778,1957234
3552105,3021753
2156239,1697254
2626198,2179810
2666413,2316896
2371574,1913601
6726771,6309307
4298440,2433660
2798348,1091847
2894718,1311408
2723840,1173982
2549801,968518
3835531,2205886
2693318,1073327
8880540,6595193
2171166,1140195
2420167,1783545
2775041,1271656
2814002,1326639
2745718,1462674
2889001,1303652
2686017,986162
8754550,7115555
3178866,2787465
2490197,2103361
2293415,1913405
2751433,2377658
3396587,2453396
2169607,1831793
3285688,2860606
3352127,2677745
2856594,2435087
3128526,2661429
2247978,1873539
2409794,2031805
2938365,2546889
2379839,2014267
8551869,8079499
2847190,2426982
3300131,2737625
3287140,1559182
3593654,1927548
5634835,3942090
9389548,7033096
3550406,1790764
3871171,2086347
2926455,1442572
3501209,1838275
3589194,1862736
3258985,1934999
3274329,2797258
2476703,2082273
9453981,8751754
2890752,1159604
3074544,1407186
2759960,1109464
3064721,1486862
3548802,1910071
3806538,2056254
3011937,1769331
3462127,2920393
2935433,2530156
3159926,2679309
2957363,2449457
2969956,2514290
2250378,1778072
2300271,1911470
2955998,2486874
3387380,2826575
3262434,2725145
4345072,3698596
9111291,8551364
2457788,1964897
2649271,2227950
4270203,2540410
2182331,1681855
4601339,3999076
3532131,3013367
2613642,1715537
2867571,2367048
2673809,2211713
2502421,2030364
2369948,1914204
2665827,2249905
2002050,1617184
3047833,2512368
2119526,1765516
2068995,1581338
3297934,2764760
2818327,2198850
15439475,14021590
2983365,1264089
8191337,6635885
8846517,7922946
2538243,2049447
8151162,7747401
2687444,2278384
3284197,2815228
2743975,2361351
2296168,1909065
4131789,3527707
3798353,3176172
15811387,13083866
3100500,2748586
2574330,2194992
3524371,3047830
2571788,2185560
3512539,3042896
5369258,4690629
11009982,10448673
3406341,1716617
4253719,2419527
3002756,1350689
4166036,2403882
2433714,916540
3076771,1363520
8375971,5879030
2357278,1952112
3176379,2703543
2373244,2015481
3799597,3271661
3079608,2541722
3363823,1983901
2185891,1755338
2600931,2185697
2282925,1894044
3140938,2651149
2724689,2344570
3105189,2645870
3227650,2784631
2597998,2134777
6085823,4328039
2517003,991235
2842331,1188957
4567716,2671267
2677145,1181888
2882717,1280531
2875816,1301773
2938143,1331303
3000124,1395170
2565602,995057
3333046,1702792
7123013,5513331
2975237,1332943
5702094,3801386
2862037,1148170
4924850,3267158
2526563,958181
2453022,953642
3601046,1857819
5365168,3369365
2992828,1990343
3757456,2119151
10845981,8936346
2848406,1280560
6216569,4549356
3128824,1294390
2832314,1180754
5990786,1761945
10438817,8829267
3759387,1976469
3179661,2722853
3092367,2669658
3099963,2656746
3910067,3445132
15501826,14052576
5375172,4704813
3305688,2846923
6735052,5707046
3471767,1718451
3082635,1388880
3479400,1800447
3005537,1154650
3714283,1961445
3702398,2102197
2720779,1144545
2849385,1270477
3145349,1578303
3656888,2008688
2992482,1299614
2602795,1468936
3847375,2995895
3417987,2943173
3052849,2542870
2922620,2540991
4055220,3455282
2807933,2442745
15006002,12988695
2609223,2228713
8920591,8510664
2772068,2402682
8147069,7748753
4749125,4213648
3292711,2835299
2445262,2059204
2363234,1971868
26056996,24510997
4373925,2805793
3560690,1917653
2475500,2095811
5298675,4613737
3808054,3287480
3578476,3139438
5147590,4553488
2948206,2500283
2414902,2029449
2497343,2052199
3080180,1528643
3728577,1955048
8332268,7307818
3018559,2624203
3032661,2603729
3195178,2749496
9074634,8641353
2718266,2340916
5549964,4926211
3208079,2744525
4047401,3501831
2767468,2266370
3224121,2684718
8493895,8113782
2573676,2185944
2834710,2430448
2500136,2084797
3258304,2825931
8552410,7462649
2652495,2192596
2334740,1858217
3401856,2890741
2701355,2203892
2745547,2240482
15111476,13697597
7118880,5968600
2629697,1064733
5836439,3950828
2821220,1236703
2693687,1111554
2870953,1251872
2803284,1219539
3159770,2740034
15646248,14155249
2913519,2539479
8031175,1980981
3106852,1546929
2690738,1142626
4228626,2576144
4966379,3042195
2418291,2045907
2329313,1941594
2393218,1863930
3432013,2894456
15205068,13766673
2277380,1900425
2317506,1878066
4244523,3773986
3150274,2693742
3185335,2706526
15270813,13772525
2403322,1981715
2566514,2174213
2686427,2292466
2352857,1885797
2578182,2198805
3048225,2404201
2534227,2134926
2438432,2024913
3414171,2928597
2296512,1829221
3304199,2762407
8311193,7909548
3333655,2781279
2588659,2130511
2402786,2023738
4598683,3965174
2682207,2290458
2422046,2025041
3263127,2858351
8596998,7618802
3303356,2746584
2486345,2111109
3083056,2693364
3267178,2830289
3211861,2744095
3318572,2150320
3197874,2745411
2494762,2095989
3146174,2679675
3431706,2860654
3318127,2763266
17450838,14156400
2520851,2130135
2567729,2182768
2568466,2184368
8375963,7954906
9097790,8694155
4702115,4146302
2660207,2255872
3318129,2773353
2946289,2553459
2493376,1983095
3034381,2586046
3220830,2775791
3229984,2771907
3179365,2363691
3220967,1605540
7489997,5349302
2854836,2468396
3402159,2810438
2615190,2215515
2183939,1713802
2759238,2294557
3142707,2299827
7408618,6518931
12474893,9558961
2657761,1080204
3318482,1755966
6505682,4696475
2911955,1345361
2963614,1336767
7223222,5174835
2524654,2153623
3020836,2580710
6097952,2336400
3021734,1327163
8549048,7465892
2684120,2225224
2370892,1911188
2378796,1865335
3086586,2537345
2655916,2181945
2974498,2553888
3230328,2841942
2717395,2343911
8249052,7857417
2839606,2347704
3353934,2824733
2870616,2408598
2619743,2164567
2617740,2165193
2317951,1834431
2152442,1784994
20262114,17786638
2394307,2020908
2538447,2146983
2368625,1961966
2123341,1748858
3907586,3401607
2430616,2038492
2469741,2074755
2861377,1329862
3644672,1831582
2605670,977535
3676370,1997472
2530563,987859
3873410,2174405
24720690,22135118
2777157,1200099
2804238,1249431
3501372,1826599
2618541,1017662
5908220,4013124
2651940,1104077
8013598,5884471
2445907,2070673
3762564,3263351
2604167,2092608
2341116,1866094
2658084,2133964
2842729,2372441
2359923,1970434
3268671,2728012
4456618,3790461
3403964,2234749
4283159,2514038
2792006,1252783
3401120,1718706
2614378,1014975
3635954,1902523
2609368,1096574
4594302,2913426
3090475,1573275
2433792,1304161
2482793,2064768
2377369,1892788
2952515,2459507
2395573,1925325
2691943,1950108
2857607,2343352
8390993,7455461
3381704,2831545
3318045,2855842
2599115,2186670
2317489,1921278
2630108,2142300
2754255,1648516
3461444,2888150
8769897,8264464
3389330,2845757
2463922,2004169
3743264,1977201
2673985,1120569
3025740,1340421
24918284,22359508
4028404,2295613
2967148,1296287
2677344,1081378
3433807,1779951
6207458,1785843
3588676,1873562
2830755,1296073
8588454,7077540
3115219,2685952
2609826,1038094
4347289,2635074
3212566,1652544
2550870,1008369
2808918,1257483
4269195,2495209
7100389,5103479
2218873,1815589
5418536,4289584
2002480,1649284
3881747,2802311
3569382,1909025
2452733,876136
2894462,1212966
2930299,1301104
2538118,985098
2770380,1235251
3820244,2167587
4092905,2319713
3506363,1909443
6464377,4508230
4152009,2722447
2806283,1170956
2819398,1215934
3528226,1881278
2792175,1250260
2854459,2423386
2389393,2010074
5981712,4950795
2753893,1122767
4377700,2793203
4377272,2749088
3200951,1617761
4236922,2486737
15862013,13082432
4165145,3524162
2173488,1770584
2931979,2556707
2617542,2233063
3354851,2878966
2336780,1931532
6450643,5063416
2893852,1270698
3571672,1791140
2707243,1009893
3430533,1773678
2841430,1190019
2842386,1297736
2820580,1298184
3135152,1567207
3713491,2235540
3281484,2891385
3050159,1401642
2794536,1277186
2917213,1198328
3678751,1979044
2936064,1296694
2952210,1387606
3345877,1713311
3468137,1854479
7223532,5202737
2376704,1993015
2989909,2238649
3001586,2272759
12916089,11661220
3017458,1336918
3523261,1743457
2779222,1177637
3041397,1388548
2840841,1169403
3696009,1978989
3529955,1868145
2615545,937270
3159818,1968687
3707316,3204159
7877898,5814324
4470824,3353611
18553203,16292158
3491234,3069298
3129110,2749420
2642920,2253153
3148724,1357453
3881525,2114016
2764847,1068473
3906233,2082933
2987605,1327459
5095341,3353140
6037766,4339474
3516948,1857408
3694291,1937015
2481099,968099
3097329,1213938
3314995,1508677
8384992,6118020
2967924,2522817
3224567,2723661
2816159,2364611
3132162,2720794
2667471,2210804
2526801,2051979
3173540,2234369
1978265,1644473
2588513,1439498
2747470,1355119
3087474,2620505
3312529,2878342
1995832,1613296
7184829,6386493
8421437,7982067
8868562,7888060
5327601,4612530
7226813,6344101
3431719,2825225
5865890,5082432
2683687,2288949
2373611,1975701
2597157,2170773
3783433,3203924
2478563,1967612
5864372,5210924
2537009,2053421
5482086,4772178
3248199,2765763
2796842,2313485
7600528,6673422
2777533,2402582
8829118,7722816
3010045,1350637
2826622,1153152
3693681,2051281
2596838,1014580
2953709,1336182
2685280,905879
2958548,1357943
2881812,1179059
3258073,1595673
2629123,1017827
3735462,1960993
3282189,1536902
3332364,2195294
2999210,1767928
2803691,2410147
3159469,2657820
3071847,2567727
2579438,2043235
2385590,1980833
4048643,3024859
2722270,2330758
2431616,2030470
3220796,2705447
2519206,2038129
8318112,7826863
3770431,3166373
2330807,1853723
2315729,1845482
3769566,3223415
3178563,2638805
2221291,1744479
5748290,1497441
5882109,4243709
7169464,5209829
2884071,1268105
3363186,1687052
4069942,2274226
4045406,3493853
2565871,2135659
3426588,2941844
3341088,2886439
3337707,2842291
2482129,2059387
4117246,3461587
7847292,6668043
3621750,1890546
3690299,1919181
8725756,7050434
3494122,2977811
2309503,1904938
9377077,8335608
3121635,2189873
2326831,1924548
3239993,2814278
3235895,2758609
3134656,2637924
2434873,1971794
2593561,2115673
3838261,3258842
3282529,2812603
8698349,8181970
2833917,2427909
8789812,7855148
3271590,2848295
7522184,6642651
3140943,2660017
2600852,2117311
8812722,6659430
2554731,1986095
2451890,1918535
2514722,2048057
2338534,1941519
3342279,2243344
2588983,2177484
2792737,2314575
2446209,1957902
2881214,2386825
2895959,2407238
8415131,7485163
2567001,2167965
2584839,2083688
2603792,2181304
3215804,2642149
4686459,4120551
3156184,2581179
2185501,1693537
5434903,4672022
2703778,2228991
3627425,1900957
3535312,1783061
3003315,1351400
2657774,1090003
4336041,2644998
7901245,5651583
2930027,1278204
2578502,1000564
3564424,1828450
8419779,7381213
3079769,1474732
2949518,1309233
2699645,1087245
2775707,1194347
7742801,5664060
4000297,2207479
4602464,1768940
3010466,1294625
2778615,1220274
3578988,1843333
2833989,1129610
5863674,4149119
26791954,24169337
2692746,1121774
9836125,8266271
3348224,1730050
3490077,1753036
2975874,1378979
3549772,1953920
6325258,4482173
3464918,1741814
3600631,1841893
3803856,1897111
2856483,1274984
3083808,1415913
4116564,1787549
3843522,2170819
3747744,2025350
3080355,1498816
2545140,1020625
2875825,1285656
4248343,2554367
2643491,1144954
5921232,4760431
2318764,1965016
3623900,3091409
2690887,2239307
3132980,2679041
8374197,6535659
3464244,1777270
8477433,7402486
5119472,2808982
2801538,1227247
3584035,1813678
5523029,3635073
2418894,1972047
2861662,2426868
3165425,2672545
2646516,2182068
4564016,2740134
3809397,2215406
3150208,1565931
4153875,2396034
2527526,1011035
3420633,1815405
15281251,12636934
2515439,2131194
3221494,2764276
3817148,3339932
2358911,1997434
3462641,1705631
6131596,4181810
8578158,6512376
2455442,2066565
3415445,2980551
2599261,2202339
2635991,2269303
2261827,1879828
2186090,1805027
2476698,2111239
3211882,2722033
2822826,2364735
3546890,3021052
2498249,1542856
5534834,2184467
15698557,13080438
2441351,2055117
2118005,1744727
3034276,2663784
7639732,6754167
3626942,3155268
2264594,1911211
2558705,2126696
6189274,5560329
2656798,1950075
3106004,2603077
2839503,2416492
2690180,2333731
2390820,1986506
8197135,7579009
4967824,4318686
3509824,3081740
2318144,1900134
2687745,2339838
14621715,13257216
5257626,4575338
4023336,3442086
4139956,2871847
2510641,2149284
3287790,2772892
3814505,3401754
3251273,2790239
2488581,2113250
3362134,2900844
2676106,2183238
2431507,1940905
3898097,3308529
2472002,2110871
2743162,2376109
2377076,1923820
2953859,2527116
2486170,2086437
2287355,1917921
3716701,3235408
2436664,1984886
2453183,2040352
3379293,2890078
2353900,1975560
2669752,2286217
2600228,2162709
2611370,2212496
3796203,3384110
2335815,1973879
6161770,5718702
2527648,2066164
3148976,2651183
3288461,2779311
2194624,1826516
2641595,2220664
2678005,2176154
3248060,2771675
2375712,1973584
2225652,1913808
7093601,6300016
5627192,5053200
3071399,2605591
3311793,2797788
2700441,2326458
3100434,2681184
2260535,1790212
3368443,1694126
2475099,964563
2934489,1237066
15395319,12733405
3077109,2637532
2127489,1797762
2005994,1645595
2807406,2078196
3212638,2768911
2422216,2079283
2115502,1742148
2258900,1913325
2531845,2165685
3166478,1454814
3267412,2348326
3081323,2649649
8553985,8218907
2214835,1882527
5229738,4483485
3198392,2815366
2219931,1888600
2491368,2157549
3208991,2785282
3084565,2634334
2229905,1874228
3954623,2859113
3248051,2808047
2831997,2368676
2994605,2558909
3050615,2638713
2468648,2097537
3644485,3154529
2899098,2202162
3370610,2905477
2565211,2178898
3252066,2774159
2882367,2196104
2271368,1869603
3231801,2725238
3264645,2876091
2497736,1549019
2848374,2488815
2756552,2386959
3248366,2746984
3793968,3362861
2502380,2063184
1890986,1617394
3022513,1428380
4987415,3392971
4136706,2390871
2781688,1273460
2859139,1212863
3597708,2054272
3341810,1659325
3524931,1868495
2982147,1338158
2451056,925838
15355577,12809587
2713482,2352863
1980309,1637087
7981287,7086963
2444806,2057589
3892008,3381254
3516986,3010583
2193890,1560193
3001016,2606843
3418411,3009481
2130167,1712061
2430773,2054209
9364012,8891135
8463598,6939844
8239648,7862395
2767554,2406614
2063776,1711330
2069378,1712888
2625412,2264360
2252117,1850121
2933747,2553375
2512177,2115736
3112062,2788319
2318299,1908076
7166751,6361764
2442997,2064194
2561029,2199010
3135108,2676953
2827952,2439018
3018535,2677522
2721735,2384493
2994458,2603417
2653805,1945342
2272975,1845568
8063355,7627892
2392704,1904964
2293443,1956738
3241129,2709805
2188697,1797901
15035172,13124416
1956527,1644407
4232422,3680950
2363485,2008825
2117909,1768670
2343976,1943406
4109077,3600470
3949290,3585782
2690283,2340178
4239110,3676243
3928828,3342268
3042451,2600562
3848581,3292594
3239933,2896682
3189276,2737362
2129618,1715457
4224356,3738654
3129965,2707683
3367117,2986335
15930457,14237897
2056065,1671804
2523696,2175791
3246850,2856447
8532738,8160740
2991281,2597304
7100461,6244827
2712239,2321148
2684676,2329902
3361652,2936253
3426997,2922591
2941378,2473864
2426412,2000167
2628412,2268712
2874916,1223293
2673360,1096168
2534376,996829
2605304,1073641
3178685,1655512
2236255,844452
2822574,1326887
2814774,1209150
75521952,1239134
3086578,1385974
3465595,1849491
3421755,1798337
5905827,4036059
3317739,1690106
2591625,1102242
2810043,1428384
2825727,2444445
2946166,2555411
3307631,2872501
2959561,1250186
3106728,1347271
3022236,1293668
2893871,1254265
7353191,5390069
6792106,5791757
3238629,2807575
2557152,2179830
2853562,2501152
15274415,13898960
5045070,4397492
6054186,5381480
3312285,2877931
2411305,2053778
3335332,2763926
5351942,4640032
3465198,2499325
2821047,2459902
7413310,6525369
2399016,1885180
2575283,2104481
2570490,2107207
2952927,1313973
4181943,2509616
4080520,3478408
3159810,2669948
8258271,7289107
2891961,1358057
2614687,1088861
8312641,7295612
3518773,3077300
3547367,3067923
2613995,2172745
2290860,1893578
2767855,2357532
3203726,2828695
3356683,2906290
3278139,2399197
3656389,3138258
3061571,2694719
4092967,3193795
2261123,1807655
2331708,1946676
2614634,2236387
2351782,1969934
3156588,2708596
4460840,3882127
2553579,2115198
3122016,2658788
2598485,2122200
2937879,2467122
2661403,2189758
2368943,1915922
2544626,2163958
2981977,2607695
2619878,2252682
3175497,2674040
4465594,3796247
3458751,2865442
2606532,2048096
5553242,4868386
3077324,2607669
8409254,7952659
3055662,2603536
2926055,2471711
3377322,2852026
2938416,2448372
2619909,2150871
2412129,1975971
3323159,2463998
2798690,2288950
2604328,2131174
2495275,2066748
2801968,2359359
17805103,13867141
8524311,8180052
3906745,3086857
4042817,3542499
3061348,2654348
2075668,1758050
3174220,2680248
3062971,2712934
7669743,7269980
2551249,1022829
3307349,1655386
3733997,1820286
2567579,987164
3341834,1791541
5452034,3649536
7078628,5127293
2606525,2207822
3262296,2906568
2392188,1999054
3050267,2549661
2640415,2184453
2678991,1898151
2751238,2296449
3039575,2522113
2967324,2552105
2840479,2384953
3107568,2663530
3013781,2584462
2404826,1998551
3313896,2792932
2376243,1903206
2808210,2384448
3578306,3100732
2483611,2049113
3060685,2573290
8004958,7101954
2500934,2125928
4004164,3415471
2078202,1720456
3912093,2859745
4508088,2714411
2265993,1422667
3860177,3281843
2401838,2035473
2834844,2356614
3319506,2865579
2116985,1778894
3798335,3225874
3256651,2798790
6914737,4303224
3674407,1756690
7348621,5270870
2816485,1108680
3135034,1531948
2745187,1108007
3406791,1721526
5028260,3796429
2490075,2096984
5747486,4790077
3778773,2168839
2905244,1279341
7872530,5888572
4540728,3951985
3516684,3059728
2322638,1959715
3368997,2917769
2589847,2210327
2349622,1956026
2751621,2306782
3424728,2584813
3038440,2523201
2859254,2387898
3560969,3083264
3440107,2881296
1987124,1667398
2584849,2238375
2698100,2057717
2429570,2093638
3488756,3025958
2801374,2311338
3489379,1766974
3529606,1968043
3450476,2887827
2459493,2026506
2897061,2485902
3017902,2625532
2850872,1288453
3758856,2087391
6869076,2768854
3251791,1530037
5681838,1911278
3049886,1260564
3664892,2018181
2908830,1361265
2560555,965252
2906959,1241827
2874259,1307661
3523685,1858259
3041893,1329651
3471009,2308756
8717733,7105441
3036640,2633966
2431959,2052165
2669395,2240718
3581843,3093853
2462104,2103760
2649300,2279973
3164058,2688463
3572822,1776005
2745704,1169842
2553934,1016859
2867720,1257337
3817929,2016792
2716054,1099977
2961298,1299492
3728015,1885025
5861798,3919808
3419944,1803728
3463002,1810193
7124989,5083608
2678288,1974127
3918067,3425965
2989445,2534856
8249921,7869031
2529166,2170207
2646778,2181511
3154029,2617225
7812519,6856409
8338354,7381524
3225459,2724916
16334904,14426019
2630085,2216727
2744688,1918160
2606948,2216744
5121423,4112860
3577850,1846804
14925719,12572456
2589757,1910239
2565810,2185067
2363553,1967570
2316123,1887273
5362113,4697167
8257653,7872721
2574240,2175405
2574654,2197854
3736596,3235289
9986688,7084930
4083835,2231616
3754476,2883170
3173566,2119036
7369623,6471274
2580519,2211429
2852744,2478929
2565824,2183955
2522622,2152543
2612181,2246502
3329227,2800407
3125652,2609930
3961504,3383678
3844802,3275249
2396870,1941221
2636827,2224745
2903800,2496811
2754670,2361494
3597030,3134176
3112430,2666598
5023244,1081469
2983832,1211277
3421198,1701319
2797942,1088253
2973792,1295475
7342539,5983824
3670292,1874217
3210368,1689885
3028457,1450090
2939796,1223311
2833052,1210688
2808075,1148617
3555741,1787053
3104743,1504283
15732570,13026185
3419442,2744915
2967329,2528181
2741657,2332790
2486759,2104971
3433434,2948172
2804565,2435415
2344788,1971874
3954951,3458519
2673843,2274915
3586844,3053676
3057923,2636518
2842115,2474275
3301434,2852777
7617712,6725512
2941433,2571391
4676467,3682058
5623708,3978113
4811080,2801247
2654576,1051965
3598586,1937853
9048067,6871302
3059911,1371285
2370562,1796074
2160499,1773555
3078368,2688046
3259098,2896145
5242500,4605914
3643480,3168970
2612618,2105572
2636639,2207340
4444868,3845395
2197743,1815374
4212199,3842163
8580375,8189770
8321116,7939140
2817551,2448015
4493354,3669682
8073666,6751404
3182105,2071843
2507655,2133733
2665524,2017941
3781340,3186750
2953417,2566860
2259210,1880250
2540514,2156619
2391126,2020447
7355951,6441148
3823173,3319374
6985622,6161898
3124780,2757708
2685933,2220312
2431822,1981017
5736150,5350105
2166122,1809265
4971248,4335435
3125917,2678899
3444936,2643042
2344710,1970831
2553225,2102632
16616133,12803099
2090816,1734709
3411074,2882778
7908345,7032688
2938412,2520973
2576093,2132313
15316931,13825034
2940732,2555655
2520330,2135098
2193652,1806494
3277851,2737008
2290018,1667974
3937091,3434243
2107016,1683052
3159159,2698965
2306691,1929616
2169767,1700367
2855360,2461188
2344129,1938074
4830220,4173485
2587472,2080805
2988873,2559627
3080874,2638625
2286153,1868142
3377695,2942836
3266127,2861711
2797760,2343927
3155979,2698948
3069944,2622130
3104187,2577556
2674034,2210182
2452888,1211848
2390093,2020129
3174280,2681093
3155701,2676178
2309025,1945313
2651241,2183279
3194333,2707912
2555566,2200667
6963298,6055866
3436278,2871059
2372351,1960642
2957904,2475669
3222823,2737061
2924753,2467836
2858028,2451978
4423550,2502974
2776830,1147924
3786933,1939877
2757176,2291117
2924600,1271637
3071233,1504472
3833759,2003581
2675217,1070091
4200041,2749424
4147397,2358427
2822234,1216940
7026001,4996652
2567605,2189951
3301370,2927355
2065965,1715357
3634121,3186380
4031662,3427523
8194370,7820891
2913399,2011433
2594829,2134331
2475643,2106519
2437458,1995949
6657601,4564429
2880357,1290075
5092433,3340649
3553705,1866023
2770835,1118194
2538117,993753
2968323,1347379
4186844,2398077
7309292,2979754
2534656,940625
2557739,1031954
2601093,1063623
3403282,1789673
2639360,1094863
2741796,1183898
3729166,1982688
3374949,1694367
3955101,2231760
2614200,1077678
4835920,3091128
8351191,7388208
2774988,2068537
2438506,1594974
8884791,8494547
3234814,2849668
3484178,2993576
2226736,1863307
6020727,5529068
2919627,1265431
7288235,5720263
8358895,6731165
2333905,2019726
14088120,12672033
3127006,2714175
3234649,2789738
2976891,2568040
3588899,3125703
8288094,7909644
3378027,2918854
8417919,8040115
8908751,7938805
2883640,1247585
8645775,6517778
7108639,5557668
4062929,2377516
15349002,12490194
3969087,2974749
2801123,2417202
2631198,2194915
3877228,2788728
2005111,1649783
14773563,13348520
2900341,2518760
2663437,2273311
5142049,4078962
5170032,3399465
2622573,1031903
7138228,5043083
2582990,2212489
4412645,3836267
3349341,2960162
2856659,2384501
2859095,2481381
4189453,3723328
3571830,1969250
2947870,1323679
2903229,1375794
2307233,1425126
6224817,4964748
2925549,2518415
3066905,2617061
2437030,2056232
2550454,2170799
3501077,1809844
3512232,1716432
5371711,3775687
23770615,20949143
3511064,1787707
2774391,1244259
12485247,10351012
2635654,982489
2943721,1316223
3296021,1678997
3603058,2003529
5846456,3909631
8317590,7350780
3157682,1513629
3103106,1404670
8138402,5992021
2763302,1199567
2714540,1096239
3437079,1799546
7898437,7058257
3579776,1836489
3000131,1434675
2836335,1228269
2917823,1327338
8890759,6642090
2891414,2514645
5036729,4622338
2970346,1353791
2950284,1311227
2732592,1228996
2515952,1306690
2220826,1485714
3369907,2895639
2892573,2461448
2410986,2053479
2532552,1013045
2487256,1949064
7415881,6387484
3036104,1412729
2589462,989488
4929696,3120195
3062910,1358594
2800565,1091634
5655589,3802195
2987251,1400001
3791874,2150056
7845536,6634137
4790030,2932131
3142923,1525511
2626209,1023608
4197771,2464905
3206830,1520597
2910962,1275545
2833614,1188729
2892830,1304805
2366462,1960981
2567273,2141638
4198446,3572645
5299954,4219242
2578126,988848
3195833,1586602
3154124,1462788
2668922,987570
3413248,1745296
2656908,2199484
2633252,2257139
3166456,2717779
2675870,2284963
2819522,2431780
2959315,2478262
2474554,2020714
8485865,7636305
2408979,2030787
3820146,3247907
3239809,2787047
8385421,7976065
6034439,4137721
2901631,2520093
2372099,1996256
2731685,2305424
2414765,1983617
3088412,2585340
2449874,2087147
2466183,2005885
2365122,1638239
2058536,1707412
3005195,2548690
2308878,1937405
2187216,1836700
2401277,1956007
3469139,2952394
2642446,2163784
3872052,2131421
3002897,1277322
2701451,1151561
2869708,1227235
2812621,1266283
6364379,4522777
2339473,2005197
2998607,2601512
2244404,1600991
2241711,1853972
3979433,3373620
2383161,1981505
2123284,1780802
2231785,1901307
2804216,2448274
2454642,1977853
2035281,1734596
2034947,1694002
3861447,3427595
3189996,2750206
3431770,2838708
2587507,2138575
2515041,2029926
2651874,2158819
2799403,2404186
2038809,1658433
4125263,3612018
14422454,13077394
2064113,1693479
3530093,3166036
2799001,2335154
5469905,4786056
3082691,2646509
2352321,1918803
2413138,2036183
3247616,2741880
3172038,2698634
4506918,3896783
14428765,12883802
5223384,4500677
3294631,2928318
2934831,1664687
2108369,1754536
3762653,3399296
2235216,1864217
3079847,2646973
3174774,2708891
2368329,1892103
2538997,1490136
3111867,2587107
2177463,1810291
3034631,2607926
3116436,2765129
2405684,2032262
2186586,1781766
2757921,2385235
3099005,2660797
5461936,2777163
8563063,7496409
3478937,3006975
3993971,3569237
15122131,13592071
3083967,2654519
2605738,2224388
2421110,2018919
2670691,2273716
2232296,1866604
2484541,2101805
3394072,2872950
2654419,2238269
3403082,2949595
2879108,2363579
2595151,2207794
3202937,2759969
3035212,2587153
2495409,2106000
3659067,3265615
3185347,2741982
6181864,5490058
2620156,2244560
2403031,2001069
3655129,3124813
2452454,2072949
2796994,2415297
2684862,2341468
2287412,1911237
2750509,2402306
2385168,1993267
2621702,2153886
7545236,6659300
2534450,2157922
2664721,2196835
2233111,1851566
3226560,2759653
5429537,4742066
2781441,2295185
2891532,2499778
3927186,3323609
3458674,2980598
15406109,13795595
3244019,2766793
10288541,8942223
3418829,1749259
2905947,1275339
4419134,2601279
2455276,2058141
3416360,2952264
2612146,2222016
3216311,2731362
3269454,2727790
2597749,2188615
2819689,2335598
2654392,2194644
4128034,3506008
2356178,1886987
2589754,2194604
2637767,2260463
3157074,2696729
3037413,2576391
3005466,2539981
3807949,3243596
3111095,2579714
2645543,1384502
2528621,2042466
5241525,2228531
14962823,12228887
2624522,2219882
2556284,2181997
3246371,2867887
3848521,3341857
2766101,2374423
3179517,2756198
2258889,1873680
3149376,2708120
2591148,2209368
3343861,2809509
8147152,7755850
2701240,2287340
3174602,2724646
2817362,2447712
2638144,2237018
2572073,2187130
3320961,2838200
2374351,1974127
2812819,2413989
2965019,2487299
2603731,2200721
3424298,2984392
2982960,2601903
3053795,2622761
2265960,1888287
3457462,3005157
2377706,2005775
6985662,6100013
2716934,2338956
2385039,1917974
2262194,1881887
2512654,2129022
2949412,2559452
2652003,2257660
3187699,2724446
2839701,2457931
3195472,2726827
2410156,1913664
2380789,1999285
2988220,2552078
4740521,2874045
2290466,1909560
8346733,7961159
2364646,2008383
3427779,2985132
3470761,3076100
3107475,2671674
3543719,3056652
5394166,4679571
8779846,8283750
3624810,3066760
3386634,2922353
2300456,1921095
3315222,2774631
3235220,2694110
3020540,2579627
2529395,2150295
3220081,2803138
2773304,2299724
3335056,2799189
3117144,2596328
3257278,2791487
2323244,1951472
2491583,2120015
2345598,1989485
2389974,2008643
4961948,4262844
2640618,2143366
2433057,2054161
2332452,1877596
2768885,2270702
2540116,2088570
3425608,2968551
17249875,13361084
3318491,2853918
2546359,2185951
3148126,2714085
2760626,2337940
3136935,2693810
2384463,1907720
2494048,2087186
3117822,2674428
2273568,1902921
3662763,3084454
2363340,1940381
3290706,2914505
3190025,2698329
3339745,2591040
2800808,2419850
3182529,2657443
2278859,1877548
2516748,2137188
2249508,1863986
2749538,2303271
3245273,2771827
3038247,2601213
2962241,1354201
2622874,1074482
2643288,1203619
4597170,2739118
2876621,1264924
3383732,1755824
3934429,2081366
2713601,1153545
2830589,1293575
8221841,7828399
3490121,3026190
2611893,2159816
7579561,6567879
4514773,4000821
3233915,2835347
3447582,2574342
3547086,3005243
2544442,2138530
3096150,2617473
3093565,2640757
3160120,2756766
3361095,2780064
2369170,1906515
3223064,2752191
3408190,2848710
3340940,2792934
3445490,2904814
4475462,3892203
8744583,7658367
5476610,4327486
5726169,4619029
4422799,2580218
2945758,1288966
2605338,946150
2665603,1121064
3692387,2040711
2718121,1819513
2338586,1940953
2580880,2166283
8539968,8032938
3179001,2751497
2307440,1872817
2478508,1995199
2481973,2042416
3357196,2957539
6992716,6112658
2291854,1895380
2265594,1876593
3294983,2847736
5702457,1851886
3531130,3134157
2355606,1352857
2317452,1853977
2407110,1956794
3075244,2531375
2567315,2105682
3247762,2726067
2044150,1683826
4297293,3740179
3028618,2501317
2577424,2192158
3767711,3206178
3663130,3143307
3162590,2622505
5501810,4784451
2295547,1840881
2584306,2113283
2227035,1786345
2423852,1944043
3139462,2619879
4202217,3570516
8644539,8160598
2818086,1995413
2760796,2310551
8203607,7741810
2475935,2041254
3252162,2682481
2565784,2104090
2553280,2085475
3002379,2470204
2551404,2070797
2301592,1849346
3335398,2865485
3347706,2908069
2304428,1860906
3051518,2582502
3138915,2631293
3101196,2300599
2381450,1937368
2167755,1752740
3029655,2519603
2570738,2118554
2192407,1185713
3144905,2602661
4807284,4079970
3209361,2106568
2628060,2151652
3203493,2685053
3556142,3010031
15656939,14076724
2239076,1857359
2658810,2260879
2838905,2396439
2177260,1833370
5201164,4504886
2458491,2093545
2966023,2554142
3192772,2825000
2430607,2044205
2604319,2139304
3166594,2565288
2460068,2074516
3300720,2895481
2609859,2211634
2614290,2156912
2586591,2211277
3109312,2608086
3265640,2792701
2570599,2180470
2640204,2184741
2875703,2439616
2565780,2198600
9673813,6216345
2530058,1049273
15182422,13474475
15675468,14014872
5356419,4622237
2831623,2463936
3322393,2824179
3708833,3263310
3177441,2800112
2266437,1886941
2787242,2418368
2287449,1868221
2594918,2106819
2632300,2171215
3310716,2760676
2312229,1920066
2394177,2014976
3205746,2737360
3183042,2729626
2281344,1916524
2907172,2506827
2200474,1872878
2514183,2074333
3371589,2817532
3091178,2559356
1994310,1651212
2771268,2378564
5405157,4662704
2319126,1913293
3252828,2756916
9428371,9007329
9080589,7435532
3977344,3490647
8229992,7871388
3060947,2279838
7891839,7510754
2886249,2491854
5383807,4378043
2771976,1151702
3559796,2012989
2369741,1994475
2264760,1899608
7098319,6159304
8499382,8085488
3220205,2818935
7455174,6485736
4234164,3169137
2547213,958389
3313682,2204121
2485561,2115749
2239189,1866135
3033065,2558122
3557167,3003600
2611125,2215625
2693675,2014124
2900046,2455624
5256987,4541504
2567013,2100776
6918247,5830555
2744536,1169418
17480617,12489666
3111406,2683436
2240465,1904567
3981368,3345460
3195979,2744229
4437725,3868750
2658188,2275841
2456596,2105402
2467750,2066974
2501643,2112508
2327496,1857974
5391110,4634679
2470560,2085717
8609715,8105648
2368403,2025571
2182162,1811495
2837572,2317926
8745932,8303215
3794813,2130857
2460603,1902310
3309928,2322392
3048880,2590214
3205998,2727338
3155519,2607545
2194983,1806560
2493244,2118431
2326306,1956369
2956378,1893539
3055932,2612957
2245402,1859346
2625382,2158703
3375583,2842370
2208011,1841102
2299920,1840249
2049923,1651448
6326175,5898582
3725543,1923214
3796919,2186768
4368062,2762979
2537237,2108870
3685250,3133389
2337462,1976223
2770667,2421775
3176826,2676020
3027135,2673009
3309549,2864757
2691380,2271077
3227530,2691074
2521222,2163688
6275481,5506108
3528705,2997660
2908036,2535134
2464250,2110969
3464940,1788294
3172448,1661143
4416798,2798794
2969801,1281744
2976178,1421570
3564094,1963266
7965082,7271954
3485546,2973271
2171839,1740688
3087032,2563895
8799324,7149525
3627134,3134618
2247338,1861890
2375735,1992656
3680579,3195387
2379345,1984224
2462191,2061007
2122190,1740090
3773760,3305806
2257710,1854179
2278692,1834054
6076623,1980214
2873428,1284606
2124032,1037695
2301731,1971362
2787627,2351055
3096628,2649258
2753918,2400681
2192518,1815764
2813930,2410236
2447006,2002130
2596610,2090718
4039135,3431537
2352304,1991057
2452780,2105195
2147698,1693941
2595168,2197093
2833300,2447201
2437122,2005855
4187060,3318291
2384966,1908699
2384900,1931316
2771022,2314477
4173567,3593553
2285241,1788067
2611642,2149198
2509440,2023425
3244116,2765115
2424367,1954504
2514290,2046833
2430473,1948254
2898911,2425130
3179668,2553711
3560672,3041187
3969600,2689785
3105499,2570221
3183738,2650024
3164936,2619397
2364933,1866900
7464661,6469923
2917787,1889422
2949685,2493074
4195883,3533986
2420401,2037212
3265251,2726168
3454948,2923838
3322246,2759177
3195596,2671514
3004336,2496626
2536718,2064830
2629338,2227102
2308442,1854170
2564996,2126721
8871396,7764450
3117107,2632350
15428610,13631917
2995516,2424779
2861695,2469850
1846198,1512009
2866285,2451942
3313209,2807111
2579926,2142158
2967574,2591855
2982459,2425720
2519977,2138147
2438165,1951568
3168080,2678798
2497278,2108300
8869819,4752992
2600018,2219226
3288205,2830584
14849148,13199566
3509942,3045756
4024356,3388271
2782900,2407550
2059742,1660214
7537359,6555390
8279688,7885901
2800066,2323177
2126897,1764562
2909514,2503314
2550899,2079508
2444611,1933292
2355969,1927582
3101114,2667807
7441696,6515267
2650621,2151078
3548307,3080504
3132167,2679632
2783387,2401090
2816575,2404387
2976651,2545430
2299371,1946965
3087297,2610149
3545657,3084257
2291198,1807028
2735936,2273448
5281674,4559346
3085097,2634482
3242427,2781633
3175149,2713894
8523020,8051161
2894228,2494059
2779253,2391000
4569099,3899041
3259665,2684376
3714598,3177987
2412190,1948068
4478036,3822995
2332561,1943118
2187827,1792747
3023022,2524096
2520410,2132403
2822548,2428235
2502606,2123844
2442965,1975274
2526142,2045663
2709695,2244461
2209144,1756151
2862657,2476923
2957761,2487684
2685858,2232166
2643528,2253077
3319728,2908435
4568878,3894530
2634539,2164257
2498923,2006332
2545060,2079817
2558200,2059750
4522898,1879164
2763856,1215954
2966980,1309763
2866378,1304456
2491872,1105347
3241468,2023027
2592712,1494868
2507213,2017479
3636772,1878455
3376086,1790121
3565436,1858293
3693610,1916427
7717634,5431410
3389876,1735661
2999287,1330237
14473228,12698658
2537220,2100779
3230028,2772921
2269444,1919116
5454152,4746691
8398819,7404662
5497299,4485893
2324114,1868733
2502129,2110842
3316232,2851324
2747424,2322426
2387677,1985160
2568492,2171671
3784629,3270339
15414899,13659183
2603479,950636
2868332,1251187
3855583,2168242
3187017,1614792
2681283,1120063
2543103,897735
2884487,1275890
4107838,2406878
3226135,2043637
3170704,2697893
2429338,1963610
3321357,2766556
3283649,2738118
15029575,13420603
5536669,1612655
3339818,1685135
2593028,973069
15470167,13238824
3748829,3189682
3077030,2619361
3962852,3506180
2239927,1847454
3083497,2623707
2656302,2210005
3196337,2742355
2828614,2441193
2347344,1987953
2689908,2167150
5343463,4603818
7177674,6191708
3061293,2586498
3110855,2663823
2302730,1924986
2318458,1843961
4133702,3557352
2440404,2034481
4312292,3830743
4427011,3776711
2432965,1976522
3302972,2709597
2427201,2041610
2339974,1949463
2944360,2530750
2720726,2251627
2780236,2393664
2726804,2298883
2850988,2441435
4030506,3429019
3217175,2665570
3770473,3173252
2628839,2233694
3236156,2750686
3227486,2505664
2469466,2049734
2745228,2354524
2572554,2189146
3227045,2750307
2362594,1873529
3244352,2711676
2843684,2375558
3245612,2762292
2582621,2212153
2651847,2257208
3882930,3278932
2313928,1885538
3108111,2701139
2406249,1994303
4607720,3940134
2719812,2305726
3574994,3037335
2763061,2363071
4329557,3685765
3078315,2705358
2799080,2386588
2656241,2250096
5478996,1261497
2769873,1201643
3656218,1895912
5305958,4111334
4490096,3798924
2423509,2025252
2574704,2173180
2592473,2214686
14534527,12938728
2603268,2193381
2219977,1822162
9771565,8537461
3448400,1762095
2820431,1168821
3188617,1646565
3325298,1619584
4397127,2610311
3465054,1794618
3073818,1927515
2836260,2446723
2463607,2022156
3393616,2922374
2723612,1610682
2990553,2511828
2510398,2114951
3837682,3197204
2359543,1864887
2458767,2025682
2240448,1838015
15758550,14047172
2571000,2148752
2604319,2218920
5043853,4134070
3085105,2672388
2579981,2184900
2651759,2231221
4503735,3886107
2339452,1941039
2564020,2132008
2678385,2199723
2612338,2198755
3423453,2947569
3415593,2798530
14652047,13007750
2604553,2139995
4827078,4076930
2625556,2191183
5436186,1613440
3470771,1863258
3376371,2905173
2275060,1882196
3270068,2866245
3283500,2729794
2341700,1848825
2224445,1839989
2523493,2055125
2636440,2228493
3140405,2642176
2553625,2105643
8253977,7760631
2978909,2558757
8659964,8218836
3564836,2960099
3895477,3296355
5225569,4506703
2416496,1982684
3057935,2577797
3227473,2741811
2749868,2367863
3939554,3389918
5391202,4590212
4433136,3836632
2601050,2191615
2948554,2459978
2963361,1278953
3002489,1303425
2616123,1014177
3479785,3035133
15640691,12653465
2832975,2443552
2346346,1952361
3081780,2631331
2707810,2292969
2680184,2274948
3119834,2663681
3451950,2989052
3482217,3007122
3281854,2805444
8514200,8036896
3226901,2766822
3161477,2669412
2936194,2517558
3332259,2933374
3180514,2161968
2727040,2339998
2486828,1664606
2572575,2212707
3341577,2888984
2833863,2313627
2607884,2195708
2288459,1890980
3111234,2649685
8289918,7239958
3431111,2922048
5061064,2429335
2764374,1217209
3407957,1701811
3134928,1960801
2509873,2010151
4142871,3589329
3155238,2623077
2472350,2091028
7990160,7515978
3386114,2924528
8675397,8228884
3009786,2616243
2272016,1902032
2552028,2139677
3302048,2830202
3242625,2693044
2118912,1755306
2572179,2164064
3414642,2863912
2607014,2213077
3419406,2986177
3061782,2588966
3063348,2567639
3254175,2810195
3935804,3329299
2578994,2185816
8331714,7916990
4191093,3644974
3199159,2654813
2628182,1916897
7374315,6412693
3310106,2842846
3142374,2689558
2207766,1797225
3776569,3181674
2281545,1898740
3398574,2932223
3254257,2766226
14696987,12952985
2392203,2007634
2555568,2126333
3218160,2736586
3529920,3030973
3293554,2824642
2318642,1821864
2709642,2307883
3000068,1960756
2956574,2497352
3124191,2635959
2478324,2072884
3543759,2994580
5123497,4365914
3619369,3183569
3459221,3039803
3303337,2741181
2606990,2195565
3615377,3094189
3091305,2604722
6163119,2791989
2382660,1261503
2867701,2497424
2396410,1888440
2060297,1661253
3489580,2998821
2706099,1340264
2037323,1673924
2931275,2482609
3145173,2775011
2939418,2478838
2822326,2416602
8490808,7449796
3570683,3004068
3146020,2688372
2324302,1919938
2665447,1055699
3927230,2214417
3579304,3106148
8422920,8013042
3467703,2898122
2732437,2311038
3191140,2653491
3802164,3199255
2279844,1884302
2650775,2274050
2840968,2392176
