20861218,7034323
8283889,1962549
5156402,3266520
7077918,3433067
3787706,1370381
5600621,3195250
3976950,1602964
6566857,3339911
3999096,1629518
4071771,1755754
3932201,1593568
5552614,2977303
6327983,2638495
3874151,1550289
5148813,2616933
3586495,1386084
3989744,1668582
5165766,2649958
3880669,1522772
36716603,26988971
24383496,16473353
5557873,3078559
4345791,1448705
5228202,2870338
3588052,1633483
9835242,5940619
3531809,1368976
4058719,1808867
5858206,3639140
3672311,1411503
3341394,1215226
4682491,2247927
4267522,1925668
3964414,1745275
6370765,1829421
3839975,1535871
3781015,1434022
3879943,1629829
5165256,2292552
3554354,1322796
3553924,1357858
3513981,1265274
5117716,2737516
3688570,1500375
3759759,1595341
4656273,2248953
3798038,1474131
4844722,2321847
5026576,2384992
9433081,4168387
4149473,1927002
4065958,1971097
5583522,3294230
3767282,1665141
3988712,1349010
5791007,3173855
4028759,1852467
3515626,1239030
5722840,1777490
8481339,6064134
3266394,1878032
4339106,1505619
3343065,1273851
21195787,15540128
4100162,1839720
4875418,2531067
4839106,2041047
5174870,2837881
5420871,2288695
16396802,12161280
4078625,1996223
39402974,32214025
3954405,1736117
3717418,1516963
33180319,25595303
3759354,1453160
3677527,1534211
5381833,3095683
4460706,2225598
5476352,2423632
4369091,2145931
4472616,2213766
4921341,2600480
4838701,1442872
3518356,1182729
4879498,2475458
5761573,1737289
3658195,1392754
3669957,1590559
5616504,2187379
3525763,1292588
3424633,1552735
9803439,7097385
4436136,3520164
3679804,1921451
4522132,3463499
4086847,3442773
6914280,5725878
3650790,2900752
3555373,1477087
5399697,3079473
3313507,1312339
4433829,2477519
3991251,1929699
31441733,26401245
3367256,1145483
4303416,2113189
4877789,2140961
4977414,2395387
4547800,2029344
4478645,2281429
6697628,2544224
3379967,1163918
4367917,2194218
3675117,1595212
3195442,1110677
4740270,2336602
3318987,1356371
4007561,1487904
4437589,2120639
3946768,1954598
3444305,1388423
3474993,1417520
27172464,21718516
5162018,2249711
3535241,1441707
3986602,1914911
5029590,2066689
4422825,2279501
3533762,1598723
4395737,2076260
3354087,1263444
3042848,1150816
3363757,1386303
4129382,2080038
6166018,3645252
3197262,1112748
3468012,1415773
4287736,2190732
3048730,1094713
4420581,2117887
8245580,5717679
3542167,1423007
3381430,1276399
3556358,1472585
3473201,1447519
4704549,2472508
3219343,1252799
4181883,2031405
3433732,1411916
3833516,1961165
19994043,15117251
4023158,3190431
2750694,2125040
3969598,3109812
6386601,5118517
8076884,6667432
4208835,2035370
3466650,1337811
3343008,1545674
6878370,4321620
4212756,2064885
4306423,2208954
3337303,1433820
3231545,1391541
3515293,1587140
3187208,1381618
3308993,1432540
4299706,1853911
10308121,8366671
17632193,16157281
5688308,3252761
3637658,1554493
9379376,7471741
3218091,2656867
2940013,1915077
2776373,2192664
3664345,3087612
2806810,2268671
2916381,2361083
2908125,2319240
4503943,3863644
3004732,2380066
3705160,3025202
2821663,2183121
2982140,2341580
3352342,2710143
3042434,2413633
3338695,2432772
3906056,3138057
4051097,3213005
4799971,2901600
2943586,2279060
3199107,2532377
4047820,3217795
3769585,3028906
4095919,3319007
4648893,3729451
14134583,7875366
3170629,1219152
3103698,1136018
3089392,1242486
3499884,1642646
3240929,1349836
4274435,2245682
3552717,2643317
3022008,1214898
3194869,1243033
3155810,1358366
3943619,2073028
3354055,1433143
2975434,1180762
3366892,1456349
3877423,1960054
4011866,2125285
2770016,1849791
2361449,1828509
2695244,1975319
6819200,4840525
3805515,1950186
3091411,1442197
2877575,1175154
3269905,1673645
4277581,2466145
7785023,5426933
3419881,1683076
5146758,2870638
3010141,1176744
3960805,2025518
5777151,2858235
20437201,16737175
3580351,1734655
6156007,1957175
6058726,3963608
4732847,1730949
4109228,2273651
4076899,2159273
3766136,1895662
4015603,2058898
3053556,1406106
3562401,1869493
3925489,2118036
3746491,2000740
2677836,1022502
6201621,3963666
3240350,1472585
6290600,4134502
4070720,2189739
5251052,3224270
2550172,990362
2875007,1467105
2815696,1193487
3917329,1332837
3424240,1611132
2780346,1085075
9524155,6868346
3128765,1412979
3768863,1999521
3967128,1965389
2590903,989759
3747107,1978462
2954698,1364844
2672156,1085405
3792394,2068806
2974358,1371403
3737724,1990164
2866724,1133473
2852810,1207023
8181711,4418401
3268760,1541814
2819322,1244920
3977438,2062688
2811018,1124422
2722110,1126016
3160695,1468237
3032544,1296196
3647397,1879646
4484374,3039923
2872902,1158575
4924106,3272143
2934933,1134251
2734820,1062197
3629475,1012804
2920120,1209871
9722992,7006653
2692717,1145058
3000082,1329987
2952446,1362666
2979475,1332605
2602828,967391
3057108,1388867
2869791,1149127
8687024,7468355
3352906,2404335
2578328,2004221
2276018,1814668
2711014,2252569
3371698,2881096
2654774,1758672
4017616,3264479
3209969,2640117
3714090,2018387
3669862,1915002
2862489,1082327
2688680,1074509
3300969,1717197
2828428,1257881
8496082,6915185
2852037,2380040
3246304,2654120
2869751,2375043
3424092,2752114
3276465,2611117
14286556,11209917
3767519,1895916
4041494,2087756
2990930,1403091
2975197,1363925
6996825,5164555
3723791,1929927
3810591,2068116
3102887,1453532
7229385,4992163
2881700,1148790
2976612,1373941
2993712,1305249
3034163,1468393
3868196,1993077
4222024,1933319
3271721,1641251
3812385,2046751
3891785,2110213
4144533,2363128
3684371,1926333
3469650,1892193
2740596,1120439
2701650,1175386
3025210,1383078
3866662,2072624
3730938,1965029
3957640,3227813
3469014,2755907
2593439,1796178
3106907,2178968
4186632,3407436
3128976,2453079
4815495,3954861
3601900,2895733
2811613,2227893
3308353,2614165
2692491,2108368
2536154,1973975
2727722,2150874
4066771,2669340
6954926,2464320
3690579,1886077
2966898,1166417
2924351,1110779
3726791,1961403
3229937,1545110
17570382,14051329
2803395,2254194
8540882,8041599
9312347,7903383
2638998,1580662
8072479,7563802
2771470,2243976
3574604,2961201
3085454,2597945
2411631,1903660
4157967,3379100
4098884,3302568
20837161,18343883
3182827,1617525
2463747,1931749
3040181,2438479
2611542,2150323
3760758,3114646
10590071,7287441
5880081,3300753
5202460,2534411
4383028,2514384
3234145,1508751
4195271,2376303
2863613,999925
3276755,1657357
8919206,6392766
4447033,1308092
3882772,2120767
3055704,1414559
4617470,2663069
3766140,1929726
3744134,2008844
2837937,1218815
2968034,1315004
2814395,1180054
3539451,1879412
3253846,1708568
3677016,1912532
3811251,2028683
3112566,1856232
3421253,2353692
2329448,1801263
2373719,1932445
4287969,3439714
2739232,2037572
2427885,1933032
3234183,1361238
3208116,1380205
3552296,1396046
2892372,1213659
6052004,1994481
2787857,1148693
3010475,1357910
6474925,4122126
3285371,1575872
4087574,2347560
2634130,1052790
2611655,1013951
3615162,1864621
5050349,3051031
2839887,1307143
3810746,2095488
12682315,10561079
3038935,1287686
4593622,2571923
2872394,1261061
2889578,1302012
3618468,1911791
8505396,6931712
3386908,2819479
3489013,2865679
3068437,2607375
3463506,2907420
3847237,3201263
25939664,23406623
6240558,4110250
4004476,2175489
2661062,1001034
3645164,1889460
3102943,1504317
3390285,1777261
2806456,1186464
3776190,2082499
3622657,2049656
2840113,1226240
2858494,1273113
3331747,1654013
3873217,2027327
2864468,2321200
2638746,2184006
4040382,3290883
4969939,4460071
2887147,2358375
3437674,1668099
4579195,2676941
3163434,1558420
17142008,13661156
2572109,2097927
8704892,7724779
2890077,2399686
8111039,7657530
5074883,4259916
3424666,2831813
2346469,1887509
2382124,1923383
22337370,15784623
4835488,2916167
3961645,2039910
2929461,1275944
6019655,3876037
4487389,2616848
3845213,2820328
5789744,4840084
3033928,2499577
2597015,2122191
2528099,2076009
2797367,2261457
3789366,3155366
8537742,7635113
3109524,2546982
5266585,1807694
3527580,2832878
8969259,8417156
2922126,2456041
5853367,4863092
3287998,2726101
4272253,3621705
2544283,2040377
3365977,2705498
8938452,8375601
2927446,2330257
2924736,2380746
2588050,2080282
3503675,2950765
8228720,7633446
2864993,2366463
2294038,1774454
3510237,2880705
2595128,2105821
2729207,2194698
17229633,14833642
3267319,2647234
2343419,1924579
5762887,4793475
5905838,5395299
2612719,2123065
2550292,2104268
2378551,1938130
3165642,2728539
30401293,27969970
3637681,1863794
3907384,2147406
3351759,1635916
2899638,1131561
4624782,2805373
5107226,3206778
3020547,1356128
2950940,1355163
2835673,1269102
3895114,2032313
17427491,13880545
2408726,1965578
2364349,1907790
4094754,3515365
3340855,2761818
3232675,2645926
17919750,15473605
2382241,1934650
2421714,1986903
2908568,2469843
2347650,1889725
2658027,2203187
3229629,2653194
2876758,2424557
2869353,1203500
3785871,1963488
2468721,973418
3782938,1955420
8753341,7144051
3473523,2895376
2655798,1576800
2472543,2032208
4894224,4072111
2745778,2298657
2495306,2021675
3352680,2873816
12168693,10690126
3395473,2854092
2539259,2096400
2843695,2372136
3487047,2928181
3505249,2874170
3216236,2628454
3362614,2761154
2576177,2090529
3243345,2645458
3504173,2856400
3407906,2772429
23293332,18436043
2729493,1170260
3001257,1362493
3318382,1556021
9007815,7390509
8669489,8184522
5122923,4270016
2947163,2483552
3489066,2902827
2589861,2140023
2537547,1523605
3332000,2750045
3152164,2574412
3994465,3270059
3345922,2635987
2766968,2256899
12765741,11486722
3257573,1604003
4217820,2186911
3004524,1408240
2824518,1226951
2930652,1273760
3751577,1835629
8587955,6229666
5259630,3270351
2415618,1936834
3463731,3007256
6464328,5522094
2709953,2132587
2631885,2164463
7511128,6294414
2660689,2185977
3450444,2780915
3281512,2667098
2613519,2070294
8378311,7922405
3035256,2472218
2559456,1998233
2448609,1401935
3284338,2635978
2572904,2046706
4569757,3931957
3299411,2143414
3388206,2800330
8566402,7990050
2789802,2345256
4065911,3331022
3123508,2486471
2537701,2011577
2711458,2144461
2298986,1784909
2380382,1840266
16393334,14070910
2323100,1868001
2591284,2126464
2435444,1977929
2391540,1940342
4256858,3502816
2612075,2114347
2471133,2010823
2651517,1679423
6644906,5996161
2743152,1078719
3869035,2083751
2597292,1007491
7695822,5872326
23849347,20406198
3044533,1356311
3012907,1336163
3631928,1895117
2773120,1203452
6090132,3945644
2669448,1095467
9410915,6762585
2743598,1196852
4228909,2343086
2889910,1329434
2796131,1196782
2995362,1429569
3096516,1299228
5077081,3349652
3805104,1926946
5203637,3206104
2958671,1402670
4765213,2764134
2956649,1334998
3518215,1836345
2635492,1031381
3567599,1907434
2915188,1268025
4939351,3065664
3131612,2607024
2751946,2161589
2885433,2029046
2432304,1922710
2903594,2441515
2332524,1894614
2640853,2182657
2503421,2064328
9403754,8000463
3344302,2699285
3459427,2784952
2787857,2285363
2366432,1872694
2682813,2167214
2683634,2135002
3414865,2762976
9243128,8564101
3795054,3173840
2501500,1977755
3654600,3024764
2844027,2321551
2713702,2207184
16132494,13830587
4329415,3607029
2556990,2114989
2455974,1599624
3037454,2510331
3313304,2735867
3294268,2677639
2642004,1931914
8904709,8375914
3613187,2999864
2414992,1890947
3831693,3136793
3217910,2684349
2444554,2003254
2468757,2026654
4084950,3344339
7242052,6120581
2097595,1684135
4017098,2662565
3265703,2816156
4382784,3593028
3313429,2684866
2144418,1717217
2339698,1907678
2516909,2077043
2218316,1779844
2552257,2029483
2963557,2531273
3978575,3224948
3364695,2785587
6421519,5476153
2599535,2140050
2444824,1990978
2566797,2098029
3310513,2706257
2561782,2116349
3272903,2701754
2303677,1873227
2711282,2255471
2263458,1833640
4268948,3370977
4297474,3662642
2836180,2372480
3872235,3266551
16277130,13917001
4818848,3954922
2264959,1833818
3009448,2582530
2432311,2010103
3449976,2884764
2730830,1981845
2610950,2175554
2598997,2164581
3081022,2541868
3158333,2571436
3367191,2695186
2353250,1928669
2668709,2196628
3067593,1315148
3183788,1626350
4019704,2195951
3289072,1549982
3122670,1458299
2873172,1320323
2690087,1145774
3686646,1965393
2834696,1254147
2393683,1947618
3027724,2522989
3279581,2639542
8088671,6777473
2617551,2153704
2836230,2366813
2968842,2516820
13241504,12394340
2846967,1293501
3634865,1871128
3038515,1438239
2981961,1435251
5549999,3962131
3655504,1987870
3874642,2159851
2696569,1066180
3373894,1797132
3809640,2035788
8775176,6326177
3326586,2674785
16377231,14143244
3726064,3113423
3821097,3119346
2749996,2306613
2481918,2001354
3412445,2948485
2455268,1972685
3350556,2863330
2505465,2065365
3361509,2801474
3571191,2896933
3390482,2740020
3164290,2611086
2274656,1846679
2836395,2393215
2399705,1962211
8469576,7178607
3128917,2587452
3561692,2929889
2476510,1926530
3511250,2871054
2586489,2145038
2488044,2040895
2944864,2434713
2242913,1778399
2329044,1889534
2473599,1953351
3210736,2615246
3233240,2655995
2236635,1784683
8277513,7064286
8221719,7789838
10351720,8943828
5815460,4828440
8901913,6609229
3329685,2725337
5719476,4785982
2593150,2111653
2225176,1765751
2652197,2209313
4147449,3358533
2427972,1985106
7064154,5627816
2161061,1763243
14416168,9410752
3775830,1855730
3008660,1371488
8116236,5734375
3282820,1697535
3626892,1916190
3001039,1568060
2331292,1885017
3454219,2420752
2314990,1859936
2583561,2128743
2331292,1803826
2840139,2294779
2690307,2143473
2804271,2332788
2500837,2021970
4180748,3591640
3065223,2535268
2989045,2532368
3363923,2806207
2999156,2493831
3462453,2842640
3507729,2860135
2558605,1653275
2767771,2182145
4249525,3155118
2811671,2257822
2377365,1935502
3304179,2772474
7959413,7476943
8700861,6881369
3536049,2839847
2320636,1841910
2364778,1908926
3825442,3206106
3036272,2480054
2664868,2233591
2573853,2124333
2617263,2170559
7360912,6130621
2695411,1651269
2963897,2412960
9118004,8461604
4701788,2717089
2843285,1145393
3786442,2603044
3832520,2154177
25959273,23812722
2317078,1846328
4399943,3705740
2761390,2312454
3203679,2605173
3286609,2716580
8334387,7786299
3492430,2945232
2241367,1767964
11910150,7700042
3470963,1873272
2659542,1086219
3283215,1868660
3037624,2460152
3021432,2594080
2391892,1970074
2347108,1822390
3590726,2930120
3304048,2677837
8721895,8179206
3664717,2638888
9220892,7125001
3263044,2804247
15666765,11100763
3523877,1780547
3214938,1429924
10049364,7342449
5728299,5048312
2430426,1925646
10803657,8487703
6095823,4955827
3475611,2850666
2855537,2359372
3026077,2492617
2359889,1881855
2630118,2170090
3386342,2667748
9111469,7674641
2834932,2390129
2509184,2051041
2674444,2173594
3285291,2686709
4784453,3964912
3094178,2529716
2492315,2022679
5532943,4668630
2927580,1878777
3634787,2951518
3364091,2560393
2784393,2315598
2370633,1935199
3964565,3306969
7696449,6463700
2501385,2052362
2414516,1956369
3382344,2728227
9313136,8468716
2945647,2401535
2664044,2135027
2371512,1917016
2545270,2064093
7909530,6613251
3481436,2868248
2270683,1808416
2622760,2174495
2878452,2292368
3418962,2749775
2569470,2046935
3017374,2509813
20140997,13808584
2766510,1217722
8677518,7013580
3228241,2774515
3333723,2452627
2977113,2499022
3356881,2913023
5744566,4783512
3249890,2657637
3307373,2740173
3133063,2577803
2801261,1953055
2822642,2309133
3386887,2731683
3811957,3147935
3326232,2779198
2769873,1780157
2418615,1894717
2599918,2124744
4318047,3526527
2627400,2155324
6377700,5406847
2564587,2003489
3897077,3241965
3019413,2476672
3390687,2859299
8030917,6725760
3594863,2509132
8653235,8062908
3536709,2934411
2466628,2026205
3238227,2573672
5586319,4614600
2626057,2054715
2812325,2258806
3336082,2712497
2702052,2142754
2971414,2431449
3701962,3035978
3087044,2339363
3887471,3187591
2433087,1907573
3491253,2862045
16634893,13103198
2511765,2048988
3415583,2874175
4177499,3406375
2347360,1897524
3117166,2572707
5825965,4849470
8978579,7494720
2485529,2055502
3445637,2880315
2851199,2300983
2426529,1977077
2367106,1915139
2425596,1882509
2490225,2026070
3236529,2653398
2950960,2414979
3862250,3145589
2477608,2034941
2976134,1313083
23451193,20074648
2880030,1301602
2617490,1022937
3451239,1761496
11534642,9049958
3943329,2154896
2712880,1121763
2976307,1398231
6339926,4178347
2914516,1328389
3844078,1999154
3464792,1800221
3047207,1419214
2647718,1047236
8537400,7541537
5204011,4022440
9227745,8132926
2723448,1172624
3203617,1577554
16832155,13255593
6209971,5083833
4170035,3416712
4279768,3121905
3447046,2986077
3413375,2256876
3333582,2887223
3431179,2565447
2578829,1821561
3577939,3008949
2687111,2173937
2754595,1716825
4272228,2925776
2880837,2422605
2983530,2536526
2389775,1937265
3331919,2757167
2729005,2239768
2305363,1853279
3956532,3277577
2527650,1999648
2700103,2173620
3339848,2790410
2341022,1882129
5286375,4818753
2588108,2134008
2513907,2063048
3711019,3159410
2230522,1768884
3460661,2805888
2606826,2095944
3827879,3145628
3260409,2625547
2457180,1999246
2789498,2302259
2679986,1637746
3327156,2774892
2353735,1906276
2596886,2138162
8477265,7168978
6455498,5503180
2755053,2196734
3732124,3048196
2962188,2496252
3679166,1840613
2583684,997613
3439794,1752208
2616999,1028717
2937637,1290172
20287911,14153538
3638812,1934824
2339584,1877554
2496173,2024055
2864568,2434031
3380691,2798595
2519701,2068241
2287832,1842965
2631661,2174960
2564210,1852033
2991014,2424883
3456976,2910581
3457374,2774307
8501440,8006026
2535621,2105654
5844947,4845756
3338315,2904500
2838183,2391545
2627889,2164133
3320459,2718942
3111592,2569213
2417967,1876314
4139101,3501454
3238264,2587997
2802714,2336970
3109365,2580722
3603809,2995860
2383864,1922538
4027130,3365381
2747613,2328027
3347877,2846975
2696984,2149335
3319876,2659272
3402386,2749150
2409913,1535055
3752604,3072853
3362927,2920801
2548247,2095888
3106653,2626668
2954360,2472486
3422776,2737709
4130826,3488901
2789599,2207273
2702557,2147752
2938786,2477066
2552264,1985293
4052280,3379468
2296291,1854416
2703225,1899679
2630459,2169984
3138302,2527315
3365373,2723323
2877541,2386032
2402382,1858162
16884781,14402437
3128445,2625716
2277565,1832791
8637979,6216727
2876695,1259365
4295084,2429074
4479256,3069200
2527100,2060205
2928263,2462366
3453179,2866518
2276326,1765476
2787701,2323052
3278932,2704031
8847135,7622527
8758703,8205561
3057899,2617868
2250714,1818353
2529952,2052131
4696687,4203338
2876388,1247601
3060459,1795115
2526644,2084546
2749042,2282838
2836425,2269696
14629454,13352913
2744122,1139153
2893015,1326050
3686119,1980260
3752495,1992475
3411984,1783659
3449945,1671081
3238774,1616069
2962771,1322384
2643590,1104447
8055793,7563477
2595162,2144478
2387001,1934279
3605741,2950400
2393154,1581631
15962558,13597992
2328762,1884469
4836375,3976199
5423211,4358880
2750367,1185583
2847557,1264177
4633894,2640473
4234277,3232241
2878551,2404579
4602968,3823580
4497338,3721996
3281741,2665377
3986780,3198253
3516368,3069804
5487379,4878154
2680286,1111701
4247552,3170050
3493995,2361895
3352077,2878964
16956201,14439851
2732883,2123820
2712459,2260321
3321143,2719874
8828157,8335347
2998205,2527110
7964525,6694471
2681561,2218096
3284748,2728852
3848819,3254625
3441107,2781047
3345686,2794723
2426198,1941670
2595775,2125260
2946663,1328406
2223229,1733825
2379432,1483848
2481256,1998593
3112914,2608653
2413362,1968969
4697435,4151805
2996289,1311425
2833616,1650200
2401817,1941240
3313539,2754741
3432134,2883419
11743485,10786631
4061518,2298797
2758045,1140104
2968446,1280059
3811380,2083369
3705762,1881118
4031862,2291703
2923145,1296627
2989358,1389944
2899393,1334678
3063468,1353773
8317922,5844037
11341116,8708831
3747851,2002659
2690207,1088310
3343536,1633720
21744936,17936298
5888758,3788974
10913751,9746843
3755225,1924933
2964013,1280883
3658031,1943105
5841941,3719898
3784611,2045259
3358549,1686700
7626938,6337403
2303042,1835656
2637552,2176575
2864607,1239293
3035210,1317204
4450206,2518167
5888567,5213147
6149421,4381997
3427427,1651491
3187652,1498663
2860478,1215318
8493252,7466287
4034698,2583038
8333776,7668914
2842425,1219850
5125245,1102012
3339574,1566984
3489785,1778834
3773753,1949968
3528755,1843436
3188611,1603480
3313732,1693628
4035195,3277606
2313878,1856016
2346578,1880740
2767829,2225087
2490677,1915294
3313024,2648461
4834272,3982282
2650300,2128677
3194755,2751237
2583335,2123237
2581356,2084799
2604768,2151632
2277312,1806627
2626114,2069473
3024875,2526029
2636300,2097197
3443336,2753148
10978422,7846970
3937224,2096207
2921121,1257418
6006039,3937743
3593040,1865702
8583456,7540687
3264089,2801324
2642387,2181380
3175259,2619022
3412464,2838818
7330990,6154596
3396817,2125941
3868428,1957909
3138468,1357557
2926151,1270231
3051378,1404778
3642169,1970454
17119822,13247047
8658776,8171447
4059726,3465432
4094995,3511346
3205449,2588711
2540025,2032624
3574604,2856282
2833890,2365383
2209244,1765323
2944066,2436399
3545770,2864177
3360919,2654966
2278757,1812300
2942389,2490638
5693121,4637697
7190679,5946756
2731653,2254189
3412754,2919116
2276308,1804147
9715854,9040407
2866743,1257215
3045681,1379108
3241542,1651580
3425779,1673920
3110390,1542001
3534648,1751549
3847870,2044380
3494339,1801507
2826948,1157537
3447331,2278281
2110418,1439911
2761641,2247398
3849757,3202838
2716367,2191922
2999121,2556980
8025024,6728737
2547475,2102217
3829397,3193373
2383223,1905847
2283058,1836579
4659369,3874487
2646576,2126088
3384406,2713976
2454075,1388981
2872169,2413105
3368115,2836254
2435496,1921624
4097615,3355230
3490167,2912122
5331906,4479730
3610326,2943504
9479995,8268847
2904680,1104166
3036820,1420948
2764247,1053921
3522227,1871768
5374067,4437890
3014452,2444959
2947939,2415412
3795119,3078854
2683478,2178476
7457364,6200266
4426633,3609882
3769271,3209084
2761395,1979997
3408139,2781426
2524610,2078521
2318059,1878455
2757265,2307751
3191478,2615276
2929108,2485802
2906623,2345299
3331664,2802294
3774226,1996469
2682815,1098959
3114862,1530483
3250006,1570746
2948837,1306489
3650685,1883426
3171996,1448149
3107958,1859549
3333320,2699833
3438936,2780523
2648683,2097513
3411726,2743179
3052744,2469789
2705684,2110680
3497810,2826785
3400541,2746778
2784323,2309511
3056901,2495171
2654997,2151663
3629956,2462384
2656754,2090753
2554023,2032369
2629164,2093115
2797997,2232859
3318568,2664189
2705956,1804736
3057679,2442560
8447281,7997846
2954696,2388242
2461457,1924596
2572230,2056125
3386022,2726056
2519296,1958327
2623396,2102375
3110287,2494072
3285974,2645858
2519990,2005533
2478223,1903692
2642059,2111226
3607963,2977805
2386575,1863403
2905248,2346253
3303054,2661240
5391753,4414843
3253080,2579452
3023652,2502240
7356319,6108547
2573772,2031069
5110627,4164343
3325386,2678738
8433267,7846438
2817794,2215217
2632474,2104057
3245807,2344348
8190024,6816782
9104365,7634558
3399209,2865310
16386687,13866632
2211621,1789430
2581293,1876208
2562194,2125249
2697064,2237046
3273219,2682289
18903746,16445175
2596687,2095304
2598767,2135729
2445669,1972686
2250567,1740670
5633065,4616853
8220206,7764175
2702290,2206336
2577725,2103164
3819468,3143616
8152070,7613779
3998170,3265081
4183642,3602302
3293589,2720318
8073666,6736023
2681183,2136509
2924534,2471355
2594074,2137130
2467495,2003689
2568355,2105600
3358951,2718475
3258860,2622825
4042624,3277317
3851866,3101103
2309249,1763378
2709166,2151965
3061052,2600472
2529838,2084011
3347233,2736848
8360576,7774454
2806255,1193259
2663985,1067523
3472660,1752473
2596822,995800
2878121,1212684
3818458,2078205
3626125,1932957
3447299,1814018
2968930,1284450
2786888,1232006
2941635,1252685
2870968,1109331
3599102,1766404
8595980,6936402
17108687,13315881
2786969,2339314
2819075,2369251
2808336,2334484
2467370,2016913
3349923,2760022
2698155,2245325
2394052,1902382
3790778,2623858
2582227,2131806
3379065,2727446
3159166,2603162
2714387,2279567
3338844,2298217
7776541,6435193
2923969,2447598
2366325,1911320
2576691,2116077
9034928,4707402
2593137,960483
3677873,1943746
9447414,6876250
2962784,1227594
2787151,1196200
2387310,1267515
3187299,1602328
3219314,2786314
5435878,4610111
3886709,3306558
2722379,2178060
2361783,1826026
4593935,3789725
2237103,1805786
6439849,3588645
8364366,7371161
8341987,7339757
3033951,2579330
2823415,2379657
5814138,4832327
3215539,2676967
2680550,2239240
2587602,1557179
4109926,3352916
3034128,2576863
2263088,1802901
2525571,2069506
2695605,1107870
8101776,5661368
7272725,6477312
8426767,6128338
3241089,1556844
2745654,1224776
2884573,1238554
2857533,1285083
2683801,1080957
5866865,3714099
3712489,1937904
3610870,1839746
2755652,1106468
2975599,1335198
16622345,13164968
2340834,1914048
3710657,1936155
9215577,6786914
3215173,2668846
2502907,2067346
22609149,20197247
2856104,1216044
2479387,2004354
2427998,1966491
3312754,2740170
2511650,2077384
3992628,2958728
2156110,1699184
3518393,2956378
2328297,1886796
2093732,1571130
2949136,2111819
2435271,2002702
5366093,4388089
5714783,5237547
3602192,3039608
3117409,2534078
2762679,2001284
3373938,2822194
3072105,2603183
2822537,2011192
3496788,2828901
3064891,2503930
3262588,2636675
2477796,2037942
2310500,1859622
2702211,2243894
2976032,2524400
3598958,3041947
2515725,2053842
2638709,2111021
3215825,2554787
2705381,2273895
7769052,6168160
3457236,2792061
2388014,1947832
3420761,2791458
5538263,1592286
2999496,1727985
2802961,2355664
3249004,2619593
2582526,2049721
3417763,2864620
3075763,2425563
7067488,1299412
3275785,1561706
3673942,1887161
2689932,1003880
3990247,2294084
4618189,2569116
2887215,1227852
7361849,5013736
2566494,1821062
3179227,2601144
2320009,1876584
3227477,2724423
4251757,3455049
8698347,7552431
2696056,2113800
2478521,1436278
2186804,1647185
2295084,1797904
4594971,3753216
2631986,2081642
4175768,3515894
3234282,2602354
2309327,1805613
2217420,1698850
2793339,2005868
4009047,3262686
4913912,3637889
2193685,1687780
2443839,1908656
2248354,1735718
3366096,2805829
2413360,1901026
2541833,1992487
3350686,2733274
3161983,2525704
3980895,3321585
2352058,1828189
4761199,3895907
9127756,7687465
2906268,2371994
2259841,1797559
8599527,8013064
3528193,2575127
3408112,2772779
2586786,2013015
2998805,2336076
2694404,1575525
2633624,2080950
8355617,7781953
2873060,2337240
15174418,12791961
3201551,2644919
3344301,2780899
3067968,2383979
3440084,2880917
8407624,7929013
3365964,2266997
8786252,8319185
2889423,2314884
2540248,2101810
8965132,7534798
2490338,2038407
3594884,3017718
19479307,14391357
3617792,1795057
3283508,1646189
2775883,1342313
2578592,2096281
2307517,1859881
20035194,13196457
3149702,1530423
3035186,1348856
3090519,1530255
3574924,1872235
2766761,1113830
7591426,5177554
2750782,1608841
4700192,3915168
3134428,2684589
2510704,2041899
2759111,2314084
4063722,3375460
3651093,3191926
2946634,2171239
3266087,1487612
2518751,967533
7816981,5653435
2972642,1243233
3559988,1769756
2918834,1262628
3094492,1297783
3660310,1887478
3689043,1959320
2772472,1191363
16644597,12870397
5074943,2595481
2922640,1257094
8416638,5843809
2067784,1610010
2634451,2149196
2998338,2522809
3222340,2735458
5713529,4718224
8523775,8029568
2969177,2359849
2660198,1811733
7849184,6483407
2589856,2015686
2427524,1945696
3253888,2662895
3475083,2885910
3676063,3051700
2693755,2130428
2488166,2008901
2652506,2123977
13223233,8728509
3099451,1362231
3065045,1264777
3058530,1403668
2816301,1262790
2635969,2182578
2425955,1955164
2342518,1878384
3386358,2810089
3099306,2444890
2665136,2117030
2418543,1905459
2594905,2050368
2625213,1800749
2655605,2204289
2680364,2212995
7150213,3808886
2867167,2401684
2347586,1646847
5434416,4476700
2666791,2152077
3388692,2945179
3202960,2317856
4840790,3984442
2784640,2338285
2475201,2037329
4173866,3366990
2873328,2382136
2477958,2028925
2964267,1234740
3058590,1348326
2651984,1077590
2914640,1251466
4447610,2596397
2698154,1069468
2589420,1035939
3362182,1653005
3064225,1377883
2682476,1067789
3596474,1875701
3236142,1651559
4377844,2587061
3770332,1901946
2857456,1175200
3145467,1481467
3352220,1645715
2613643,1072393
8986493,7267847
2389105,1974294
3683996,3141531
3109489,2602661
8573838,8132471
6301015,5453863
2738392,2323764
2246083,1846475
3087883,2584127
2372879,1970559
3178068,2608719
2513715,2098367
2488882,1980352
2334524,1921943
2278843,1877923
2909642,2421754
2388829,1957017
2314979,1895977
2506734,2000159
3535106,2982313
2676164,2203224
3373650,2787165
2553786,2059254
2330209,1933434
2548922,2136014
2666836,2170573
6050750,5270481
2573951,2162646
3570184,3003109
2265766,1784733
2474727,1571987
7654295,3336274
2998342,1371870
2755565,1110556
2944224,1226673
3444359,1790092
2631636,1099896
2862916,1169937
2688446,1005696
4228005,2610515
3624726,1961244
3508265,3029034
2838292,2340333
2316941,1903605
2585845,2125621
4609695,3532444
2504886,1399302
4650217,3909386
15377635,13336869
2198823,1773440
2319028,1907004
2749964,2341345
8595371,4816210
3028340,2489103
2280171,1871524
2556527,2115705
3309122,2816632
3700856,3148068
4586949,3895982
15525786,13827055
5244829,4404924
2706447,2308284
14855115,14087125
3617608,2644084
2919712,2471544
2739355,1873628
3166748,2206402
3169091,2415728
2305278,1822724
2501324,1963120
3265907,2690802
2120958,1716094
3232830,2649291
3295600,2874481
2298376,1882922
2703854,1945856
2499352,1513671
3402158,2922059
2987384,2512472
8471690,7977401
2965068,2467493
4684192,4132409
17208921,15271299
3179048,2675401
2962132,1281329
2695522,1117087
3288456,1691967
3164625,1415669
2961580,1283362
3950575,1995423
2939019,1341804
3745093,2069138
4092013,3622666
3065549,1408172
3311154,2665795
3183442,2597317
2497769,2063890
3453649,2563862
3111331,2594979
6111032,5312796
2692946,1799701
2193563,1784953
3754340,3205203
2411946,1994301
3160147,2660355
3048649,2545619
2427969,1924144
2895524,2419851
2539269,2134871
3046363,2469319
7491795,6491414
2519531,2090800
2583116,2086463
2427396,1610596
3361022,2388530
4499119,3773455
2580708,2080471
2963759,2460806
3855778,3187486
3364088,2871131
18672803,13840675
3072733,2577382
5186765,4442132
3342828,2826422
2544533,2096436
4054235,3461448
2380290,1974413
3152172,2644183
2773999,1563465
3295620,2792907
3136105,2569819
2462721,2038213
2493294,2023455
2225822,1803563
4044036,3458529
2443603,2009648
2595527,2132824
2599210,2180628
3036733,2550800
8640518,8121480
2819823,2336058
3990796,3357096
3087978,2548189
2677400,2226348
2580125,2124972
2622479,2160961
24865581,23038248
2846187,1282720
2929873,1315505
3666032,2016041
3720467,2080428
3091627,1451917
3478652,1774352
2575567,960704
3451349,1822439
2398535,1976377
3265214,2774997
7989060,7570958
2570911,2145377
3201301,2040973
2787896,2355113
2511831,2109685
2516265,2115522
3088556,2579099
2486772,2069437
2684856,2242933
2836367,2430197
2470625,1984181
3125698,2552625
3088169,2235080
3053220,2501707
2310532,1897804
3096824,2545612
2343643,1937929
6901729,5331517
2784090,2351079
2230778,1822220
2277347,1798248
2524907,2024139
2897268,2362454
2655211,2132693
3192708,2614313
3013663,2529980
3615563,2993862
2413451,1915237
2405036,1947810
2598280,2144522
6609728,3692841
2822563,1183707
8337305,7282132
2635213,2150060
3487314,2925627
3297652,2808886
3173558,2605907
3817030,3231925
5246750,4459624
8431441,7904270
3606752,3044470
3259369,2690547
2603940,2106613
3179067,2628343
3246842,2691664
3450070,2881850
2453608,1941551
3343397,2820456
2655746,2168139
3394473,2796715
3232310,2664657
3305591,2730677
2433311,1961678
2583951,2091741
2511729,2032277
2511174,2022436
5105617,4322104
2673325,2189581
2405100,1912789
2513791,1695443
2701398,2208194
2630833,2121933
3619897,3047807
15221947,13476377
3307461,2813518
2463735,2048179
3060784,2578170
2735908,2309489
3040706,2010299
2273310,1835343
2399009,1988991
3296965,2773831
2378761,1956305
3721063,2814628
2402645,1978323
3296348,2832781
3379593,2806754
3153142,2640035
2564942,2121023
3364586,2872975
5228123,1956634
2942620,2528615
2176433,1761299
2705469,2211585
3281917,2769180
3183488,2654576
2623429,2198969
2305313,1893867
2204315,1780631
4036519,3461967
2504615,2083108
3141633,2693231
8650223,8069817
2853532,1207652
2976438,1296838
8912608,7115789
3435288,2493939
2630614,2230457
7694369,6634365
3479326,2954144
3365274,2888288
3244343,2729707
5857002,2915981
2807837,1241976
3350466,1646069
7348372,5542343
3411025,1723174
3510740,1809215
2542538,978156
3308923,1708711
3734166,1973476
3497192,1825773
3502068,1786549
4685129,2839401
10644175,8513557
4212594,2477066
3214169,1584040
4866314,2451027
2797412,1225390
2551644,1018798
2659057,1083794
3518013,1838558
3238746,1506633
2851134,1233243
2925623,1389365
8801102,7782756
3231763,2410643
2467322,1976430
2420219,2009592
2542334,2086663
2769337,2380843
7076215,6081557
2148171,1772047
2180327,1795320
3354924,2880331
3459573,2953376
2474676,2092114
2262169,1804662
2305354,1897789
2351633,1981027
2964750,2516050
2758878,2298870
3353302,2489471
2675813,1102180
4971530,2925731
3715214,1930737
2598212,1549618
3628043,2920294
3193212,2670772
3168788,2629630
5384298,4680420
5969108,5449131
2729376,2259939
2419099,2035728
2698504,2238049
3210020,2690496
12370868,11661989
10616466,10110579
2763647,2293631
2608434,2150938
8595861,8097600
2881165,2339749
3236984,2685886
2658277,1850979
2401709,1910843
2565120,2108399
2425217,2040460
2372136,1924848
3448324,2973283
3314737,2903104
2251421,1783174
2959192,1938266
3363478,2916543
3020895,2632120
2439411,1952005
2320143,1941507
2965772,2529434
2481173,2022004
2526803,983142
3622478,1916195
7727786,3471785
3193066,1505579
2912988,1328709
3723517,2037974
4154918,2417601
16395116,14030787
2232995,1861537
2544486,2168509
2910394,1945588
2492855,2090907
5704246,4965532
2481170,2098004
2607511,2199161
2786938,2412734
2458999,2070990
2718457,2244509
3409816,1822051
2666870,1142655
3532538,1963253
2753493,1237469
2879112,1309594
2874374,1323021
3255732,1679722
3473257,1841917
2790265,1258127
2647041,1795629
2906073,2378049
2630233,2245848
6851967,5985091
2425888,2044732
15485536,13788137
14509967,12933135
5133899,4398568
3016228,2603879
3340420,2854365
3025378,2557018
3103925,2728063
2214922,1838693
2981812,2596419
2322182,1947054
2647927,2192936
2697001,2233416
3320064,2807130
2781149,2367551
2755013,1674311
3039634,2579163
3299056,2810288
2511377,1849220
2917519,2500535
2517226,2112294
2334015,1867257
3544015,2968648
3119772,2591159
2188859,1818502
4945033,1705722
6052970,4105427
2440544,2062823
3091944,2621337
2745654,2359642
8384228,7981082
3987197,3437465
8843467,8342914
2912436,2430730
8186201,7786403
2784804,2394896
2832223,2372492
2318265,1953098
3179548,2801580
2295868,1916416
2372413,1979240
7338391,6420651
8327393,7837780
3191729,2732446
7871432,6851545
2084117,1706967
2201452,1756897
3086796,2624843
2597310,1880083
2280850,1903452
2951304,2502357
3577618,3057352
2659192,2178579
2508142,2066550
2894849,2415282
5199727,4450440
2741472,1986179
2440154,2073948
2532830,2141760
14460391,12818998
3108947,2639447
2645272,2179075
3848862,3240005
3100237,2530828
4256685,3552031
2492374,2104575
2590443,2191992
2319624,1356077
2430793,2043168
2300246,1851645
5625517,4877946
2576752,2114563
8170398,7695467
2866616,2381817
2226935,1775468
3541548,2928664
8929168,8512493
3627651,2703530
2618208,2240046
3049442,2510358
3055074,2540518
3264423,2706282
3511860,2960746
2464742,2073556
2436594,1960225
2373922,1924392
2792613,2380529
3401536,1755270
2881573,1003775
2758571,1222291
3436501,1860170
4765354,1035494
2473097,942036
2603019,975096
2865441,1220700
3435477,1786299
3977295,2394895
4535686,2892825
2929962,1338206
3868587,2203410
2260139,1867641
2817935,2416375
3124276,2658283
3177951,2804036
3079213,2630843
2956809,2581506
3012422,2559445
2875830,2422267
6184310,5461403
3619195,3091713
3012231,2501190
2991730,1525037
3448887,1836648
2734664,1229595
4442128,2861353
2705143,1188206
2466314,1806254
3565705,2745688
8064691,7665430
3439432,2975048
2234756,1852882
2300165,1900003
8467550,8010267
3475174,3014426
2233228,1847376
2600353,2216056
3853937,2425062
2472273,2089975
2441565,2065909
2435127,2067946
3049235,2614419
1822793,1459716
2213336,1844350
3489226,3007722
2367775,2002293
2277196,1876934
2530469,2077346
2400373,2024844
3131816,2659500
2897977,2524352
2462300,2066143
2862860,2486753
2366945,1992552
2526554,2103249
4063994,3484666
2718422,2349114
2628006,2181655
2241474,1870037
2352530,1975175
2845528,2135707
2253082,1873686
3907361,3296347
2116897,1765209
2300042,1872127
2825701,2342317
4006995,3260307
2521891,945474
2847706,1235368
2613390,1118624
3450061,1856798
2629163,1066564
2677031,1194697
2564489,1096518
2955601,1419060
3212402,1677244
3622005,1968427
3683363,2362093
2656525,2274929
3034637,2597647
2983023,2457323
2116080,1707468
9720458,6556742
2718622,2328730
2728068,2367380
4415424,2610819
2633306,1077652
3417227,1834057
3377800,1805311
3732069,1990592
3610335,1946946
3311322,1728299
2461697,1584985
3068921,2655021
2101953,1742023
2384871,1949281
8758482,7667004
2908649,2533437
17048065,13301724
3623755,2011831
3209798,2276090
2253923,1888795
3181961,2732532
3130485,2674221
2377520,1968915
3002633,2612179
2676896,2195563
2609554,2203212
2666798,2165104
3165475,2725168
2595023,2227406
7062605,6153772
2559532,2171350
3024494,2583800
15073330,13461335
3178651,2743376
3962952,2955950
2856769,2052288
2363831,1909371
7752260,6744481
8178016,7808295
2926356,2466370
2378121,2016225
2766328,2387790
2573633,2111496
2175634,1798804
5831271,4770580
4042841,2241785
7827872,5710395
2707896,2317963
5448550,2305299
3478487,1811259
2996168,1507563
2177452,1792313
3051204,2262012
2406194,2018316
2880017,2485071
3373850,2808021
2139733,1677836
2517277,2148506
5269709,4516385
3079987,2647432
3436561,3003490
8227783,7189548
8632257,7083130
2550290,2185053
2878649,2492606
3865587,3373920
3330165,2877544
3550026,3115845
2178434,1474867
4516941,3945631
2426527,2050090
2119701,1740189
3055249,1492057
2843194,1337084
3014543,1515206
2770481,1272468
2568202,1095855
2766060,1254845
2880220,1342662
2465477,983277
3148355,1568328
3380262,1830557
3019328,1370189
2340991,1706295
2965809,2532524
4594486,3953584
2336649,1974292
2543428,2166249
2625065,2244793
2697653,2292876
2191451,1815705
2392655,2030988
2564366,2108495
2624763,1840240
2171993,1781788
2958546,2461773
2326496,1958756
2205264,1821280
3328802,2875046
2862856,2489699
3005357,2556395
3094758,2613910
6941558,6009845
3559189,3039262
2601818,2163284
14435896,12786818
2409982,1521614
3046245,2591621
2420962,2048831
5002211,4290931
11058917,7656367
5258329,3920892
2252145,1556385
2461266,2055444
3415339,2563791
2966626,2471862
2392421,2024605
2699899,2310442
3800961,3297431
15946917,14230882
2187561,1817472
2719884,2348169
3640372,3117732
2858397,2481272
2385293,2012804
2472410,1989048
2900625,1337655
4028420,2466379
2938238,2125772
3236055,2695968
2339145,1976419
3089480,2628709
2968373,2520214
15337359,13629029
2809712,2446646
3056020,2565180
2294051,1903091
14902519,13212012
3576931,3070139
3130902,2589465
4166668,3713889
2113713,1754162
3052684,2590354
3036004,2584362
3224648,2765779
3307121,2359962
2632844,2237966
2608319,2147783
5195124,4483295
6701551,5833358
3379890,2844498
2935316,2508419
2283440,1899651
4841806,977062
4314085,2617530
2764933,1197811
3795770,3321988
4341590,3683684
2442687,1978754
3462369,2941719
2428322,2065941
2247568,1878085
2868028,2498363
2538133,2059639
2609270,2233899
8127573,7098977
2720473,1204659
4356540,2533070
3349591,1668331
3834123,2200462
2805759,1262276
3510276,1803496
3508208,1888229
2574624,1080879
6700768,5126181
3533950,1224490
3493628,1853497
2502847,1045366
3353813,1794211
3001156,1422845
3636656,1873592
2917086,1402801
2888457,1369995
4217964,2536902
2251060,1872611
2985985,2530265
2495787,2015039
4571303,3904773
2561524,2163624
3495844,3002312
2857559,2081987
4311560,3695315
2452923,2072627
2613070,2239163
2729709,2347803
2428419,1978802
2577569,2119156
3193336,2641652
5419085,4672612
4419192,3734663
2422478,2046242
2578805,2104115
2417278,2023018
18470096,15016731
2612568,1607606
2368832,1988599
4000570,3462535
3019170,2546503
2363445,1959247
2817729,2446814
2776031,2383960
3869516,3294101
3302119,2810264
5589879,2754448
6584193,4964514
2585467,1054915
3827032,2146284
2932133,1248712
3044945,1475957
2741511,1226828
4040703,2304585
2797242,1101423
2619534,1052500
2657781,1036707
16425447,13398499
2468091,2062515
2456669,2042651
5409412,4654745
2886549,2487852
2189033,1820451
2972002,2574574
4392278,3837356
2050931,1682441
2585527,2207993
2689022,2230832
5704204,5295900
3364609,2870446
3196744,2645498
14655022,12929082
2377613,2003050
4301561,3656655
2502343,2120549
2766143,2383120
3174569,2716720
3152117,2702469
2135928,1753721
2687612,2304962
3134688,2607221
2527600,2061014
2123176,1759352
2483928,2032349
2492025,2101407
3088195,2630966
2426544,2047806
8499918,8005834
2711334,2335048
12410860,7834093
3863550,2139813
4229404,2473436
5965356,3996393
2355849,1963915
2983136,2507550
2994659,2552664
2463707,2066815
4011631,3368444
7515701,4539437
4678934,3020082
2635710,1900890
2850243,2378633
2611182,2153012
2654556,2264465
2140273,1762497
2300619,1924490
19076614,14239089
3135249,1596421
2665684,1029603
3363634,1801732
2881280,1310180
2774797,1267356
3745839,1882591
3745079,2121130
3459167,1857366
3034303,2589762
8366200,7988610
3861187,3302707
3119938,2579074
2687747,2299695
3209275,2828113
3109189,2655302
2659596,2258898
2494143,2113740
2836308,2458277
3248754,2753538
2578370,2199444
2519519,2043176
2355959,1274574
3114724,2593350
8490105,7400657
3803431,3217713
2521217,2132446
2467620,2089043
3428109,2835089
2972574,2533643
7209818,6256383
4360271,2699095
3385905,1816258
2828610,1289750
8139172,7215047
3458372,2967011
8422679,8059072
3046956,2662207
2458779,2080355
2749247,2377532
3076886,2716841
3164941,2639302
2258456,1824695
2441254,2078397
2960545,2508263
2676446,2317097
3076947,2641588
3174005,2710971
2839618,2414119
3640517,3137457
6054232,3385484
3087387,1463431
7788675,7353321
5002470,4401734
3341435,2835951
2623188,2253426
7775545,6815549
3210841,2686339
3499544,2993821
2353070,1954188
3877685,3373490
2539718,2070793
3063297,2516912
3363012,2848303
14703656,12994203
2537257,2147797
2583200,2185791
2949651,2518394
3536422,3077257
3259643,2787576
2220903,1844809
2632797,2251314
3079798,2626470
3073922,2622488
2617584,2174125
2538085,2162366
3206147,2753724
5203717,4436907
3301733,2923683
3230377,2856148
3191951,2711100
2309969,1947630
3308298,2848976
3161070,2320148
3472456,2968155
2562838,2197952
2972591,2588088
2774041,2314321
2347884,1978962
3102587,2669620
2561316,2195389
2252738,1858779
3259577,2772037
3293343,2910712
2965118,2507794
2670772,2235869
9193567,8055484
3317706,2777714
3548091,2751029
2273705,1907683
2393378,2027575
3728107,2798482
3900031,3424125
8489775,7550905
3831714,2090156
2885364,1798087
3243109,2706966
4209499,3592570
2247882,1881904
2528946,2137919
3142401,2681569
